D:\Anaconda3\python.exe C:/Users/DELL/PycharmProjects/Toys/play24/play24.py
Total cases: 28561
Unique cases: 1820
Time passed: 10.022s
Time per case: 0.006s
Passed cases: 22615
Unique passed cases: 1362
Pass rate: 0.792
Unique pass rate: 0.748
(1, 1, 1, 8)	[[1.0, 1.0, '+'], [1.0, 2.0, '+'], [8.0, 3.0, '*']]
(1, 1, 1, 11)	[[1.0, 1.0, '+'], [1.0, 11.0, '+'], [2.0, 12.0, '*']]
(1, 1, 1, 12)	[[1.0, 1.0, '+'], [1.0, 12.0, '*'], [2.0, 12.0, '*']]
(1, 1, 1, 13)	[[1.0, 1.0, '+'], [13.0, 1.0, '-'], [2.0, 12.0, '*']]
(1, 1, 2, 6)	[[1.0, 1.0, '+'], [2.0, 6.0, '*'], [2.0, 12.0, '*']]
(1, 1, 2, 7)	[[1.0, 2.0, '+'], [1.0, 7.0, '+'], [3.0, 8.0, '*']]
(1, 1, 2, 8)	[[1.0, 1.0, '*'], [2.0, 1.0, '+'], [8.0, 3.0, '*']]
(1, 1, 2, 9)	[[1.0, 2.0, '+'], [9.0, 1.0, '-'], [3.0, 8.0, '*']]
(1, 1, 2, 10)	[[1.0, 1.0, '+'], [2.0, 10.0, '+'], [2.0, 12.0, '*']]
(1, 1, 2, 11)	[[1.0, 1.0, '+'], [2.0, 11.0, '*'], [2.0, 22.0, '+']]
(1, 1, 2, 12)	[[1.0, 1.0, '-'], [2.0, 12.0, '*'], [0.0, 24.0, '+']]
(1, 1, 2, 13)	[[1.0, 1.0, '+'], [2.0, 13.0, '*'], [26.0, 2.0, '-']]
(1, 1, 3, 4)	[[1.0, 1.0, '+'], [3.0, 4.0, '*'], [2.0, 12.0, '*']]
(1, 1, 3, 5)	[[1.0, 3.0, '+'], [1.0, 5.0, '+'], [4.0, 6.0, '*']]
(1, 1, 3, 6)	[[1.0, 1.0, '+'], [6.0, 2.0, '+'], [3.0, 8.0, '*']]
(1, 1, 3, 7)	[[1.0, 1.0, '*'], [7.0, 1.0, '+'], [3.0, 8.0, '*']]
(1, 1, 3, 8)	[[1.0, 1.0, '-'], [3.0, 8.0, '*'], [0.0, 24.0, '+']]
(1, 1, 3, 9)	[[1.0, 1.0, '+'], [3.0, 9.0, '+'], [2.0, 12.0, '*']]
(1, 1, 3, 10)	[[1.0, 1.0, '+'], [10.0, 2.0, '-'], [3.0, 8.0, '*']]
(1, 1, 3, 11)	[[1.0, 11.0, '+'], [3.0, 1.0, '-'], [12.0, 2.0, '*']]
(1, 1, 3, 12)	[[1.0, 1.0, '*'], [3.0, 1.0, '-'], [12.0, 2.0, '*']]
(1, 1, 3, 13)	[[1.0, 3.0, '-'], [1.0, 13.0, '-'], [-2.0, -12.0, '*']]
(1, 1, 4, 4)	[[1.0, 1.0, '+'], [4.0, 2.0, '+'], [4.0, 6.0, '*']]
(1, 1, 4, 5)	[[1.0, 1.0, '*'], [5.0, 1.0, '+'], [4.0, 6.0, '*']]
(1, 1, 4, 6)	[[1.0, 1.0, '-'], [4.0, 6.0, '*'], [0.0, 24.0, '+']]
(1, 1, 4, 7)	[[1.0, 1.0, '*'], [7.0, 1.0, '-'], [4.0, 6.0, '*']]
(1, 1, 4, 8)	[[1.0, 1.0, '+'], [4.0, 8.0, '+'], [2.0, 12.0, '*']]
(1, 1, 4, 9)	[[1.0, 4.0, '-'], [1.0, 9.0, '-'], [-3.0, -8.0, '*']]
(1, 1, 4, 10)	[[1.0, 1.0, '+'], [10.0, 2.0, '*'], [4.0, 20.0, '+']]
(1, 1, 4, 12)	[[1.0, 1.0, '+'], [4.0, 12.0, '*'], [48.0, 2.0, '/']]
(1, 1, 5, 5)	[[1.0, 1.0, '*'], [5.0, 5.0, '*'], [25.0, 1.0, '-']]
(1, 1, 5, 6)	[[1.0, 1.0, '*'], [5.0, 1.0, '-'], [6.0, 4.0, '*']]
(1, 1, 5, 7)	[[1.0, 1.0, '+'], [5.0, 7.0, '+'], [2.0, 12.0, '*']]
(1, 1, 5, 8)	[[1.0, 1.0, '+'], [5.0, 2.0, '-'], [8.0, 3.0, '*']]
(1, 1, 6, 6)	[[1.0, 1.0, '+'], [6.0, 6.0, '+'], [2.0, 12.0, '*']]
(1, 1, 6, 8)	[[1.0, 1.0, '+'], [6.0, 8.0, '*'], [48.0, 2.0, '/']]
(1, 1, 6, 9)	[[1.0, 1.0, '+'], [9.0, 2.0, '*'], [6.0, 18.0, '+']]
(1, 1, 6, 12)	[[1.0, 1.0, '+'], [6.0, 2.0, '*'], [12.0, 12.0, '+']]
(1, 1, 7, 10)	[[1.0, 1.0, '+'], [7.0, 2.0, '*'], [10.0, 14.0, '+']]
(1, 1, 8, 8)	[[1.0, 1.0, '+'], [8.0, 2.0, '*'], [8.0, 16.0, '+']]
(1, 1, 9, 13)	[[1.0, 1.0, '+'], [9.0, 13.0, '+'], [2.0, 22.0, '+']]
(1, 1, 10, 12)	[[1.0, 1.0, '+'], [10.0, 12.0, '+'], [2.0, 22.0, '+']]
(1, 1, 10, 13)	[[1.0, 1.0, '*'], [10.0, 13.0, '+'], [1.0, 23.0, '+']]
(1, 1, 11, 11)	[[1.0, 1.0, '+'], [11.0, 11.0, '+'], [2.0, 22.0, '+']]
(1, 1, 11, 12)	[[1.0, 1.0, '*'], [11.0, 12.0, '+'], [1.0, 23.0, '+']]
(1, 1, 11, 13)	[[1.0, 1.0, '-'], [11.0, 13.0, '+'], [0.0, 24.0, '+']]
(1, 1, 12, 12)	[[1.0, 1.0, '-'], [12.0, 12.0, '+'], [0.0, 24.0, '+']]
(1, 1, 12, 13)	[[1.0, 1.0, '*'], [12.0, 13.0, '+'], [25.0, 1.0, '-']]
(1, 1, 13, 13)	[[1.0, 1.0, '+'], [13.0, 13.0, '+'], [26.0, 2.0, '-']]
(1, 2, 2, 4)	[[1.0, 2.0, '+'], [2.0, 4.0, '*'], [3.0, 8.0, '*']]
(1, 2, 2, 5)	[[1.0, 5.0, '+'], [2.0, 2.0, '+'], [6.0, 4.0, '*']]
(1, 2, 2, 6)	[[1.0, 2.0, '+'], [2.0, 6.0, '+'], [3.0, 8.0, '*']]
(1, 2, 2, 7)	[[2.0, 2.0, '+'], [7.0, 1.0, '-'], [4.0, 6.0, '*']]
(1, 2, 2, 8)	[[1.0, 2.0, '-'], [2.0, -1.0, '-'], [8.0, 3.0, '*']]
(1, 2, 2, 9)	[[1.0, 2.0, '+'], [9.0, 3.0, '+'], [2.0, 12.0, '*']]
(1, 2, 2, 10)	[[1.0, 2.0, '+'], [10.0, 2.0, '-'], [3.0, 8.0, '*']]
(1, 2, 2, 11)	[[1.0, 2.0, '-'], [11.0, -1.0, '-'], [2.0, 12.0, '*']]
(1, 2, 2, 12)	[[1.0, 12.0, '+'], [2.0, 13.0, '*'], [26.0, 2.0, '-']]
(1, 2, 2, 13)	[[1.0, 2.0, '-'], [13.0, -1.0, '+'], [2.0, 12.0, '*']]
(1, 2, 3, 3)	[[1.0, 3.0, '+'], [2.0, 3.0, '*'], [4.0, 6.0, '*']]
(1, 2, 3, 4)	[[1.0, 2.0, '+'], [3.0, 3.0, '+'], [4.0, 6.0, '*']]
(1, 2, 3, 5)	[[1.0, 2.0, '+'], [3.0, 5.0, '+'], [3.0, 8.0, '*']]
(1, 2, 3, 6)	[[1.0, 2.0, '-'], [3.0, -1.0, '-'], [6.0, 4.0, '*']]
(1, 2, 3, 7)	[[1.0, 2.0, '+'], [3.0, 7.0, '*'], [3.0, 21.0, '+']]
(1, 2, 3, 8)	[[1.0, 3.0, '+'], [8.0, 2.0, '-'], [4.0, 6.0, '*']]
(1, 2, 3, 9)	[[1.0, 2.0, '+'], [3.0, 9.0, '*'], [27.0, 3.0, '-']]
(1, 2, 3, 10)	[[1.0, 2.0, '*'], [10.0, 2.0, '-'], [3.0, 8.0, '*']]
(1, 2, 3, 11)	[[1.0, 2.0, '+'], [11.0, 3.0, '-'], [3.0, 8.0, '*']]
(1, 2, 3, 12)	[[1.0, 2.0, '-'], [3.0, -1.0, '+'], [12.0, 2.0, '*']]
(1, 2, 3, 13)	[[1.0, 3.0, '-'], [2.0, 13.0, '*'], [-2.0, 26.0, '+']]
(1, 2, 4, 4)	[[1.0, 2.0, '+'], [4.0, 4.0, '+'], [3.0, 8.0, '*']]
(1, 2, 4, 5)	[[1.0, 2.0, '-'], [5.0, -1.0, '-'], [4.0, 6.0, '*']]
(1, 2, 4, 6)	[[2.0, 1.0, '-'], [4.0, 6.0, '*'], [1.0, 24.0, '*']]
(1, 2, 4, 7)	[[1.0, 2.0, '-'], [7.0, -1.0, '+'], [4.0, 6.0, '*']]
(1, 2, 4, 8)	[[1.0, 2.0, '-'], [4.0, -1.0, '+'], [8.0, 3.0, '*']]
(1, 2, 4, 9)	[[1.0, 2.0, '+'], [9.0, 3.0, '-'], [4.0, 6.0, '*']]
(1, 2, 4, 10)	[[1.0, 2.0, '*'], [10.0, 2.0, '*'], [4.0, 20.0, '+']]
(1, 2, 4, 11)	[[1.0, 11.0, '+'], [2.0, 4.0, '/'], [12.0, 0.5, '/']]
(1, 2, 4, 12)	[[1.0, 2.0, '+'], [4.0, 3.0, '*'], [12.0, 12.0, '+']]
(1, 2, 4, 13)	[[1.0, 13.0, '+'], [2.0, 14.0, '*'], [28.0, 4.0, '-']]
(1, 2, 5, 5)	[[1.0, 2.0, '-'], [5.0, 5.0, '*'], [-1.0, 25.0, '+']]
(1, 2, 5, 6)	[[1.0, 2.0, '-'], [5.0, -1.0, '+'], [6.0, 4.0, '*']]
(1, 2, 5, 7)	[[1.0, 2.0, '*'], [5.0, 7.0, '+'], [2.0, 12.0, '*']]
(1, 2, 5, 8)	[[1.0, 2.0, '*'], [5.0, 2.0, '-'], [8.0, 3.0, '*']]
(1, 2, 5, 9)	[[1.0, 2.0, '+'], [5.0, 3.0, '*'], [9.0, 15.0, '+']]
(1, 2, 5, 10)	[[1.0, 5.0, '-'], [2.0, 10.0, '*'], [20.0, -4.0, '-']]
(1, 2, 5, 12)	[[1.0, 2.0, '+'], [5.0, 3.0, '-'], [12.0, 2.0, '*']]
(1, 2, 5, 13)	[[1.0, 2.0, '+'], [13.0, 5.0, '-'], [3.0, 8.0, '*']]
(1, 2, 6, 6)	[[1.0, 2.0, '+'], [6.0, 3.0, '*'], [6.0, 18.0, '+']]
(1, 2, 6, 7)	[[1.0, 2.0, '+'], [7.0, 3.0, '-'], [6.0, 4.0, '*']]
(1, 2, 6, 8)	[[1.0, 2.0, '+'], [6.0, 3.0, '-'], [8.0, 3.0, '*']]
(1, 2, 6, 9)	[[1.0, 2.0, '*'], [9.0, 2.0, '*'], [6.0, 18.0, '+']]
(1, 2, 6, 10)	[[1.0, 2.0, '+'], [10.0, 3.0, '*'], [30.0, 6.0, '-']]
(1, 2, 6, 11)	[[1.0, 11.0, '+'], [2.0, 6.0, '*'], [12.0, 12.0, '+']]
(1, 2, 6, 12)	[[1.0, 2.0, '+'], [6.0, 12.0, '*'], [72.0, 3.0, '/']]
(1, 2, 6, 13)	[[1.0, 13.0, '-'], [2.0, 6.0, '*'], [12.0, -12.0, '-']]
(1, 2, 7, 7)	[[7.0, 7.0, '*'], [49.0, 1.0, '-'], [48.0, 2.0, '/']]
(1, 2, 7, 8)	[[1.0, 7.0, '+'], [2.0, 8.0, '*'], [8.0, 16.0, '+']]
(1, 2, 7, 9)	[[1.0, 7.0, '-'], [2.0, 9.0, '*'], [18.0, -6.0, '-']]
(1, 2, 7, 10)	[[1.0, 2.0, '*'], [7.0, 2.0, '*'], [10.0, 14.0, '+']]
(1, 2, 7, 11)	[[1.0, 11.0, '-'], [2.0, 7.0, '*'], [14.0, -10.0, '-']]
(1, 2, 7, 12)	[[1.0, 7.0, '-'], [2.0, -6.0, '*'], [12.0, -12.0, '-']]
(1, 2, 8, 8)	[[1.0, 2.0, '*'], [8.0, 2.0, '*'], [8.0, 16.0, '+']]
(1, 2, 8, 9)	[[1.0, 2.0, '+'], [8.0, 9.0, '*'], [72.0, 3.0, '/']]
(1, 2, 8, 10)	[[1.0, 8.0, '-'], [2.0, -7.0, '*'], [10.0, -14.0, '-']]
(1, 2, 8, 13)	[[1.0, 2.0, '+'], [8.0, 13.0, '+'], [3.0, 21.0, '+']]
(1, 2, 9, 11)	[[1.0, 2.0, '+'], [11.0, 3.0, '*'], [33.0, 9.0, '-']]
(1, 2, 9, 12)	[[1.0, 2.0, '+'], [9.0, 12.0, '+'], [3.0, 21.0, '+']]
(1, 2, 9, 13)	[[1.0, 2.0, '*'], [9.0, 13.0, '+'], [2.0, 22.0, '+']]
(1, 2, 10, 11)	[[1.0, 2.0, '+'], [10.0, 11.0, '+'], [3.0, 21.0, '+']]
(1, 2, 10, 12)	[[1.0, 2.0, '*'], [10.0, 12.0, '+'], [2.0, 22.0, '+']]
(1, 2, 10, 13)	[[1.0, 2.0, '-'], [10.0, 13.0, '+'], [23.0, -1.0, '-']]
(1, 2, 11, 11)	[[1.0, 2.0, '*'], [11.0, 11.0, '+'], [2.0, 22.0, '+']]
(1, 2, 11, 12)	[[1.0, 2.0, '-'], [11.0, 12.0, '+'], [23.0, -1.0, '-']]
(1, 2, 11, 13)	[[1.0, 2.0, '-'], [11.0, -1.0, '*'], [13.0, -11.0, '-']]
(1, 2, 12, 12)	[[1.0, 2.0, '+'], [12.0, 3.0, '*'], [36.0, 12.0, '-']]
(1, 2, 12, 13)	[[1.0, 2.0, '-'], [12.0, 13.0, '+'], [-1.0, 25.0, '+']]
(1, 2, 13, 13)	[[1.0, 2.0, '*'], [13.0, 13.0, '+'], [26.0, 2.0, '-']]
(1, 3, 3, 3)	[[1.0, 3.0, '+'], [3.0, 3.0, '+'], [4.0, 6.0, '*']]
(1, 3, 3, 4)	[[1.0, 3.0, '+'], [4.0, 4.0, '+'], [3.0, 8.0, '*']]
(1, 3, 3, 5)	[[1.0, 3.0, '*'], [3.0, 5.0, '+'], [3.0, 8.0, '*']]
(1, 3, 3, 6)	[[1.0, 3.0, '-'], [6.0, -2.0, '-'], [3.0, 8.0, '*']]
(1, 3, 3, 7)	[[1.0, 3.0, '*'], [3.0, 7.0, '*'], [3.0, 21.0, '+']]
(1, 3, 3, 8)	[[1.0, 8.0, '+'], [3.0, 9.0, '*'], [27.0, 3.0, '-']]
(1, 3, 3, 9)	[[1.0, 3.0, '+'], [9.0, 3.0, '-'], [4.0, 6.0, '*']]
(1, 3, 3, 10)	[[1.0, 3.0, '-'], [10.0, -2.0, '+'], [3.0, 8.0, '*']]
(1, 3, 3, 11)	[[1.0, 3.0, '*'], [11.0, 3.0, '-'], [3.0, 8.0, '*']]
(1, 3, 3, 12)	[[1.0, 3.0, '+'], [3.0, 4.0, '*'], [12.0, 12.0, '+']]
(1, 3, 4, 4)	[[1.0, 3.0, '-'], [4.0, -2.0, '-'], [4.0, 6.0, '*']]
(1, 3, 4, 5)	[[1.0, 3.0, '+'], [4.0, 5.0, '*'], [4.0, 20.0, '+']]
(1, 3, 4, 6)	[[3.0, 4.0, '/'], [1.0, 0.75, '-'], [6.0, 0.25, '/']]
(1, 3, 4, 7)	[[1.0, 3.0, '+'], [4.0, 7.0, '*'], [28.0, 4.0, '-']]
(1, 3, 4, 8)	[[1.0, 3.0, '+'], [4.0, 4.0, '*'], [8.0, 16.0, '+']]
(1, 3, 4, 9)	[[1.0, 3.0, '*'], [9.0, 3.0, '-'], [4.0, 6.0, '*']]
(1, 3, 4, 10)	[[1.0, 3.0, '+'], [10.0, 4.0, '-'], [4.0, 6.0, '*']]
(1, 3, 4, 11)	[[1.0, 4.0, '-'], [3.0, 11.0, '-'], [-3.0, -8.0, '*']]
(1, 3, 4, 12)	[[1.0, 3.0, '-'], [4.0, -2.0, '+'], [12.0, 2.0, '*']]
(1, 3, 4, 13)	[[1.0, 4.0, '+'], [13.0, 5.0, '-'], [3.0, 8.0, '*']]
(1, 3, 5, 6)	[[1.0, 5.0, '+'], [3.0, 6.0, '*'], [6.0, 18.0, '+']]
(1, 3, 5, 7)	[[1.0, 5.0, '+'], [7.0, 3.0, '-'], [6.0, 4.0, '*']]
(1, 3, 5, 8)	[[1.0, 3.0, '-'], [5.0, -2.0, '+'], [8.0, 3.0, '*']]
(1, 3, 5, 9)	[[1.0, 3.0, '*'], [5.0, 3.0, '*'], [9.0, 15.0, '+']]
(1, 3, 5, 10)	[[1.0, 5.0, '+'], [3.0, 10.0, '*'], [30.0, 6.0, '-']]
(1, 3, 5, 11)	[[1.0, 3.0, '+'], [11.0, 5.0, '-'], [4.0, 6.0, '*']]
(1, 3, 5, 12)	[[1.0, 3.0, '*'], [5.0, 3.0, '-'], [12.0, 2.0, '*']]
(1, 3, 5, 13)	[[1.0, 3.0, '*'], [13.0, 5.0, '-'], [3.0, 8.0, '*']]
(1, 3, 6, 6)	[[1.0, 3.0, '-'], [6.0, -2.0, '+'], [6.0, 4.0, '*']]
(1, 3, 6, 7)	[[1.0, 3.0, '*'], [7.0, 3.0, '-'], [6.0, 4.0, '*']]
(1, 3, 6, 8)	[[1.0, 3.0, '+'], [8.0, 4.0, '-'], [6.0, 4.0, '*']]
(1, 3, 6, 9)	[[1.0, 3.0, '-'], [9.0, -2.0, '*'], [6.0, -18.0, '-']]
(1, 3, 6, 10)	[[1.0, 3.0, '*'], [10.0, 3.0, '*'], [30.0, 6.0, '-']]
(1, 3, 6, 11)	[[1.0, 11.0, '+'], [3.0, 6.0, '/'], [12.0, 0.5, '/']]
(1, 3, 6, 12)	[[1.0, 3.0, '+'], [6.0, 4.0, '-'], [12.0, 2.0, '*']]
(1, 3, 6, 13)	[[1.0, 6.0, '-'], [13.0, -5.0, '+'], [3.0, 8.0, '*']]
(1, 3, 7, 7)	[[1.0, 7.0, '-'], [3.0, 7.0, '-'], [-6.0, -4.0, '*']]
(1, 3, 7, 8)	[[1.0, 3.0, '+'], [7.0, 4.0, '-'], [8.0, 3.0, '*']]
(1, 3, 7, 9)	[[1.0, 7.0, '+'], [3.0, 9.0, '/'], [8.0, 0.3333333333333333, '/']]
(1, 3, 7, 10)	[[1.0, 3.0, '-'], [7.0, -2.0, '*'], [10.0, -14.0, '-']]
(1, 3, 7, 12)	[[3.0, 12.0, '/'], [7.0, 1.0, '-'], [6.0, 0.25, '/']]
(1, 3, 7, 13)	[[1.0, 3.0, '+'], [7.0, 13.0, '+'], [4.0, 20.0, '+']]
(1, 3, 8, 8)	[[1.0, 3.0, '+'], [8.0, 4.0, '*'], [32.0, 8.0, '-']]
(1, 3, 8, 9)	[[1.0, 3.0, '*'], [8.0, 9.0, '*'], [72.0, 3.0, '/']]
(1, 3, 8, 10)	[[3.0, 8.0, '/'], [10.0, 1.0, '-'], [9.0, 0.375, '/']]
(1, 3, 8, 11)	[[1.0, 8.0, '+'], [3.0, 11.0, '*'], [33.0, 9.0, '-']]
(1, 3, 8, 12)	[[1.0, 3.0, '+'], [8.0, 12.0, '+'], [4.0, 20.0, '+']]
(1, 3, 8, 13)	[[1.0, 3.0, '*'], [8.0, 13.0, '+'], [3.0, 21.0, '+']]
(1, 3, 9, 9)	[[3.0, 9.0, '/'], [9.0, 1.0, '-'], [8.0, 0.3333333333333333, '/']]
(1, 3, 9, 10)	[[1.0, 10.0, '+'], [3.0, 11.0, '*'], [33.0, 9.0, '-']]
(1, 3, 9, 11)	[[1.0, 3.0, '+'], [9.0, 11.0, '+'], [4.0, 20.0, '+']]
(1, 3, 9, 12)	[[1.0, 3.0, '+'], [9.0, 4.0, '*'], [36.0, 12.0, '-']]
(1, 3, 9, 13)	[[1.0, 3.0, '-'], [9.0, 13.0, '+'], [22.0, -2.0, '-']]
(1, 3, 10, 10)	[[1.0, 3.0, '+'], [10.0, 10.0, '+'], [4.0, 20.0, '+']]
(1, 3, 10, 11)	[[1.0, 3.0, '*'], [10.0, 11.0, '+'], [3.0, 21.0, '+']]
(1, 3, 10, 12)	[[1.0, 3.0, '-'], [10.0, 12.0, '+'], [22.0, -2.0, '-']]
(1, 3, 11, 11)	[[1.0, 3.0, '-'], [11.0, 11.0, '+'], [22.0, -2.0, '-']]
(1, 3, 11, 12)	[[1.0, 11.0, '+'], [3.0, 12.0, '*'], [36.0, 12.0, '-']]
(1, 3, 12, 12)	[[1.0, 3.0, '*'], [12.0, 3.0, '*'], [36.0, 12.0, '-']]
(1, 3, 12, 13)	[[1.0, 13.0, '-'], [3.0, 12.0, '*'], [-12.0, 36.0, '+']]
(1, 3, 13, 13)	[[1.0, 3.0, '-'], [13.0, 13.0, '+'], [-2.0, 26.0, '+']]
(1, 4, 4, 4)	[[1.0, 4.0, '+'], [4.0, 5.0, '*'], [4.0, 20.0, '+']]
(1, 4, 4, 5)	[[1.0, 4.0, '*'], [4.0, 5.0, '*'], [4.0, 20.0, '+']]
(1, 4, 4, 6)	[[1.0, 6.0, '+'], [4.0, 7.0, '*'], [28.0, 4.0, '-']]
(1, 4, 4, 7)	[[1.0, 4.0, '*'], [4.0, 7.0, '*'], [28.0, 4.0, '-']]
(1, 4, 4, 8)	[[1.0, 4.0, '*'], [4.0, 4.0, '*'], [8.0, 16.0, '+']]
(1, 4, 4, 9)	[[1.0, 4.0, '-'], [9.0, -3.0, '+'], [4.0, 6.0, '*']]
(1, 4, 4, 10)	[[1.0, 4.0, '*'], [10.0, 4.0, '-'], [4.0, 6.0, '*']]
(1, 4, 4, 11)	[[1.0, 4.0, '+'], [11.0, 5.0, '-'], [4.0, 6.0, '*']]
(1, 4, 4, 12)	[[1.0, 4.0, '-'], [4.0, 12.0, '-'], [-3.0, -8.0, '*']]
(1, 4, 5, 5)	[[1.0, 5.0, '-'], [4.0, 5.0, '*'], [20.0, -4.0, '-']]
(1, 4, 5, 6)	[[5.0, 4.0, '/'], [1.25, 1.0, '-'], [6.0, 0.25, '/']]
(1, 4, 5, 7)	[[1.0, 5.0, '-'], [4.0, 7.0, '*'], [-4.0, 28.0, '+']]
(1, 4, 5, 8)	[[1.0, 5.0, '+'], [8.0, 4.0, '-'], [6.0, 4.0, '*']]
(1, 4, 5, 9)	[[1.0, 4.0, '-'], [5.0, -3.0, '*'], [9.0, -15.0, '-']]
(1, 4, 5, 10)	[[1.0, 5.0, '-'], [4.0, 10.0, '-'], [-4.0, -6.0, '*']]
(1, 4, 5, 11)	[[1.0, 4.0, '*'], [11.0, 5.0, '-'], [4.0, 6.0, '*']]
(1, 4, 5, 12)	[[1.0, 4.0, '-'], [5.0, -3.0, '+'], [12.0, 2.0, '*']]
(1, 4, 5, 13)	[[1.0, 4.0, '-'], [5.0, 13.0, '-'], [-3.0, -8.0, '*']]
(1, 4, 6, 6)	[[1.0, 4.0, '+'], [6.0, 5.0, '*'], [30.0, 6.0, '-']]
(1, 4, 6, 7)	[[1.0, 4.0, '-'], [7.0, -3.0, '+'], [6.0, 4.0, '*']]
(1, 4, 6, 8)	[[1.0, 4.0, '-'], [6.0, -3.0, '+'], [8.0, 3.0, '*']]
(1, 4, 6, 9)	[[1.0, 4.0, '+'], [9.0, 5.0, '-'], [6.0, 4.0, '*']]
(1, 4, 6, 10)	[[4.0, 1.0, '-'], [10.0, 3.0, '*'], [30.0, 6.0, '-']]
(1, 4, 6, 11)	[[1.0, 6.0, '-'], [11.0, -5.0, '+'], [4.0, 6.0, '*']]
(1, 4, 6, 12)	[[1.0, 4.0, '*'], [6.0, 4.0, '-'], [12.0, 2.0, '*']]
(1, 4, 6, 13)	[[1.0, 4.0, '+'], [6.0, 13.0, '+'], [5.0, 19.0, '+']]
(1, 4, 7, 7)	[[1.0, 7.0, '+'], [7.0, 4.0, '-'], [8.0, 3.0, '*']]
(1, 4, 7, 8)	[[1.0, 4.0, '*'], [7.0, 4.0, '-'], [8.0, 3.0, '*']]
(1, 4, 7, 9)	[[1.0, 9.0, '-'], [4.0, 7.0, '-'], [-8.0, -3.0, '*']]
(1, 4, 7, 11)	[[1.0, 4.0, '+'], [7.0, 5.0, '*'], [35.0, 11.0, '-']]
(1, 4, 7, 12)	[[1.0, 4.0, '+'], [7.0, 12.0, '+'], [5.0, 19.0, '+']]
(1, 4, 7, 13)	[[1.0, 4.0, '*'], [7.0, 13.0, '+'], [4.0, 20.0, '+']]
(1, 4, 8, 8)	[[1.0, 4.0, '+'], [8.0, 5.0, '-'], [8.0, 3.0, '*']]
(1, 4, 8, 9)	[[1.0, 9.0, '-'], [4.0, 8.0, '*'], [-8.0, 32.0, '+']]
(1, 4, 8, 11)	[[1.0, 4.0, '+'], [8.0, 11.0, '+'], [5.0, 19.0, '+']]
(1, 4, 8, 12)	[[1.0, 4.0, '*'], [8.0, 12.0, '+'], [4.0, 20.0, '+']]
(1, 4, 8, 13)	[[1.0, 4.0, '-'], [8.0, 13.0, '+'], [21.0, -3.0, '-']]
(1, 4, 9, 10)	[[1.0, 4.0, '+'], [9.0, 10.0, '+'], [5.0, 19.0, '+']]
(1, 4, 9, 11)	[[1.0, 4.0, '*'], [9.0, 11.0, '+'], [4.0, 20.0, '+']]
(1, 4, 9, 12)	[[1.0, 4.0, '-'], [9.0, 12.0, '+'], [21.0, -3.0, '-']]
(1, 4, 9, 13)	[[1.0, 13.0, '-'], [4.0, 9.0, '*'], [-12.0, 36.0, '+']]
(1, 4, 10, 10)	[[1.0, 4.0, '*'], [10.0, 10.0, '+'], [4.0, 20.0, '+']]
(1, 4, 10, 11)	[[1.0, 4.0, '-'], [10.0, 11.0, '+'], [21.0, -3.0, '-']]
(1, 4, 10, 12)	[[1.0, 4.0, '+'], [10.0, 12.0, '*'], [120.0, 5.0, '/']]
(1, 4, 12, 12)	[[4.0, 1.0, '-'], [12.0, 3.0, '*'], [36.0, 12.0, '-']]
(1, 5, 5, 5)	[[1.0, 5.0, '/'], [5.0, 0.2, '-'], [5.0, 4.8, '*']]
(1, 5, 5, 6)	[[1.0, 5.0, '+'], [5.0, 6.0, '*'], [30.0, 6.0, '-']]
(1, 5, 5, 9)	[[1.0, 5.0, '+'], [9.0, 5.0, '-'], [6.0, 4.0, '*']]
(1, 5, 5, 10)	[[10.0, 5.0, '-'], [5.0, 5.0, '*'], [25.0, 1.0, '-']]
(1, 5, 5, 11)	[[1.0, 5.0, '-'], [5.0, 11.0, '-'], [-4.0, -6.0, '*']]
(1, 5, 5, 12)	[[5.0, 5.0, '/'], [1.0, 1.0, '+'], [12.0, 2.0, '*']]
(1, 5, 5, 13)	[[1.0, 5.0, '+'], [5.0, 13.0, '+'], [6.0, 18.0, '+']]
(1, 5, 6, 6)	[[1.0, 5.0, '*'], [6.0, 5.0, '*'], [30.0, 6.0, '-']]
(1, 5, 6, 7)	[[1.0, 7.0, '-'], [5.0, 6.0, '*'], [-6.0, 30.0, '+']]
(1, 5, 6, 8)	[[1.0, 5.0, '-'], [8.0, -4.0, '+'], [6.0, 4.0, '*']]
(1, 5, 6, 9)	[[1.0, 5.0, '*'], [9.0, 5.0, '-'], [6.0, 4.0, '*']]
(1, 5, 6, 10)	[[1.0, 5.0, '+'], [10.0, 6.0, '-'], [6.0, 4.0, '*']]
(1, 5, 6, 11)	[[1.0, 6.0, '+'], [5.0, 7.0, '*'], [35.0, 11.0, '-']]
(1, 5, 6, 12)	[[1.0, 5.0, '+'], [6.0, 12.0, '+'], [6.0, 18.0, '+']]
(1, 5, 6, 13)	[[1.0, 5.0, '*'], [6.0, 13.0, '+'], [5.0, 19.0, '+']]
(1, 5, 7, 8)	[[1.0, 5.0, '-'], [7.0, -4.0, '+'], [8.0, 3.0, '*']]
(1, 5, 7, 9)	[[1.0, 7.0, '-'], [5.0, 9.0, '-'], [-6.0, -4.0, '*']]
(1, 5, 7, 10)	[[1.0, 10.0, '+'], [5.0, 7.0, '*'], [35.0, 11.0, '-']]
(1, 5, 7, 11)	[[1.0, 5.0, '+'], [7.0, 11.0, '+'], [6.0, 18.0, '+']]
(1, 5, 7, 12)	[[1.0, 5.0, '*'], [7.0, 12.0, '+'], [5.0, 19.0, '+']]
(1, 5, 7, 13)	[[1.0, 5.0, '-'], [7.0, 13.0, '+'], [20.0, -4.0, '-']]
(1, 5, 8, 8)	[[1.0, 5.0, '*'], [8.0, 5.0, '-'], [8.0, 3.0, '*']]
(1, 5, 8, 9)	[[1.0, 5.0, '+'], [9.0, 6.0, '-'], [8.0, 3.0, '*']]
(1, 5, 8, 10)	[[1.0, 5.0, '+'], [8.0, 10.0, '+'], [6.0, 18.0, '+']]
(1, 5, 8, 11)	[[1.0, 5.0, '*'], [8.0, 11.0, '+'], [5.0, 19.0, '+']]
(1, 5, 8, 12)	[[1.0, 5.0, '+'], [8.0, 6.0, '-'], [12.0, 2.0, '*']]
(1, 5, 8, 13)	[[13.0, 8.0, '-'], [5.0, 5.0, '*'], [25.0, 1.0, '-']]
(1, 5, 9, 9)	[[1.0, 5.0, '+'], [9.0, 9.0, '+'], [6.0, 18.0, '+']]
(1, 5, 9, 10)	[[1.0, 5.0, '*'], [9.0, 10.0, '+'], [5.0, 19.0, '+']]
(1, 5, 9, 11)	[[1.0, 5.0, '-'], [9.0, 11.0, '+'], [20.0, -4.0, '-']]
(1, 5, 9, 12)	[[1.0, 9.0, '+'], [5.0, 12.0, '/'], [10.0, 0.4166666666666667, '/']]
(1, 5, 9, 13)	[[1.0, 5.0, '+'], [13.0, 9.0, '-'], [6.0, 4.0, '*']]
(1, 5, 10, 10)	[[1.0, 5.0, '-'], [10.0, 10.0, '+'], [20.0, -4.0, '-']]
(1, 5, 10, 11)	[[1.0, 11.0, '+'], [5.0, 10.0, '/'], [12.0, 0.5, '/']]
(1, 5, 10, 12)	[[1.0, 5.0, '*'], [10.0, 12.0, '*'], [120.0, 5.0, '/']]
(1, 5, 10, 13)	[[5.0, 10.0, '/'], [13.0, 1.0, '-'], [12.0, 0.5, '/']]
(1, 5, 11, 11)	[[11.0, 11.0, '*'], [121.0, 1.0, '-'], [120.0, 5.0, '/']]
(1, 5, 11, 12)	[[5.0, 12.0, '/'], [11.0, 1.0, '-'], [10.0, 0.4166666666666667, '/']]
(1, 5, 12, 12)	[[1.0, 5.0, '+'], [12.0, 12.0, '*'], [144.0, 6.0, '/']]
(1, 6, 6, 6)	[[6.0, 1.0, '-'], [6.0, 5.0, '*'], [30.0, 6.0, '-']]
(1, 6, 6, 8)	[[6.0, 8.0, '/'], [1.0, 0.75, '-'], [6.0, 0.25, '/']]
(1, 6, 6, 9)	[[1.0, 6.0, '-'], [9.0, -5.0, '+'], [6.0, 4.0, '*']]
(1, 6, 6, 10)	[[1.0, 6.0, '*'], [10.0, 6.0, '-'], [6.0, 4.0, '*']]
(1, 6, 6, 11)	[[1.0, 6.0, '+'], [6.0, 11.0, '+'], [7.0, 17.0, '+']]
(1, 6, 6, 12)	[[1.0, 6.0, '*'], [6.0, 12.0, '+'], [6.0, 18.0, '+']]
(1, 6, 6, 13)	[[1.0, 6.0, '-'], [6.0, 13.0, '+'], [19.0, -5.0, '-']]
(1, 6, 7, 9)	[[1.0, 7.0, '+'], [9.0, 6.0, '-'], [8.0, 3.0, '*']]
(1, 6, 7, 10)	[[1.0, 6.0, '+'], [7.0, 10.0, '+'], [7.0, 17.0, '+']]
(1, 6, 7, 11)	[[1.0, 6.0, '*'], [7.0, 11.0, '+'], [6.0, 18.0, '+']]
(1, 6, 7, 12)	[[1.0, 6.0, '-'], [7.0, 12.0, '+'], [19.0, -5.0, '-']]
(1, 6, 8, 8)	[[1.0, 6.0, '-'], [8.0, -5.0, '+'], [8.0, 3.0, '*']]
(1, 6, 8, 9)	[[1.0, 6.0, '+'], [8.0, 9.0, '+'], [7.0, 17.0, '+']]
(1, 6, 8, 10)	[[1.0, 6.0, '+'], [10.0, 7.0, '-'], [8.0, 3.0, '*']]
(1, 6, 8, 11)	[[1.0, 6.0, '-'], [8.0, 11.0, '+'], [19.0, -5.0, '-']]
(1, 6, 8, 12)	[[1.0, 6.0, '*'], [8.0, 6.0, '-'], [12.0, 2.0, '*']]
(1, 6, 8, 13)	[[1.0, 8.0, '+'], [13.0, 9.0, '-'], [6.0, 4.0, '*']]
(1, 6, 9, 9)	[[1.0, 6.0, '*'], [9.0, 9.0, '+'], [6.0, 18.0, '+']]
(1, 6, 9, 10)	[[1.0, 6.0, '-'], [9.0, 10.0, '+'], [19.0, -5.0, '-']]
(1, 6, 9, 12)	[[1.0, 6.0, '+'], [9.0, 7.0, '-'], [12.0, 2.0, '*']]
(1, 6, 9, 13)	[[1.0, 6.0, '*'], [13.0, 9.0, '-'], [6.0, 4.0, '*']]
(1, 6, 10, 12)	[[6.0, 1.0, '-'], [10.0, 12.0, '*'], [120.0, 5.0, '/']]
(1, 6, 10, 13)	[[1.0, 10.0, '-'], [13.0, -9.0, '+'], [6.0, 4.0, '*']]
(1, 6, 11, 12)	[[1.0, 11.0, '+'], [6.0, 12.0, '/'], [12.0, 0.5, '/']]
(1, 6, 11, 13)	[[11.0, 13.0, '*'], [1.0, 143.0, '+'], [144.0, 6.0, '/']]
(1, 6, 12, 12)	[[1.0, 6.0, '*'], [12.0, 12.0, '*'], [144.0, 6.0, '/']]
(1, 6, 12, 13)	[[6.0, 12.0, '/'], [13.0, 1.0, '-'], [12.0, 0.5, '/']]
(1, 7, 7, 9)	[[1.0, 7.0, '+'], [7.0, 9.0, '+'], [8.0, 16.0, '+']]
(1, 7, 7, 10)	[[1.0, 7.0, '+'], [10.0, 7.0, '-'], [8.0, 3.0, '*']]
(1, 7, 7, 11)	[[1.0, 7.0, '-'], [7.0, 11.0, '+'], [18.0, -6.0, '-']]
(1, 7, 7, 12)	[[7.0, 7.0, '/'], [1.0, 1.0, '+'], [12.0, 2.0, '*']]
(1, 7, 8, 8)	[[1.0, 7.0, '+'], [8.0, 8.0, '+'], [8.0, 16.0, '+']]
(1, 7, 8, 9)	[[1.0, 7.0, '-'], [9.0, -6.0, '+'], [8.0, 3.0, '*']]
(1, 7, 8, 10)	[[1.0, 7.0, '-'], [8.0, 10.0, '+'], [18.0, -6.0, '-']]
(1, 7, 8, 11)	[[1.0, 7.0, '+'], [11.0, 8.0, '-'], [8.0, 3.0, '*']]
(1, 7, 8, 12)	[[1.0, 7.0, '-'], [8.0, 12.0, '-'], [-6.0, -4.0, '*']]
(1, 7, 9, 9)	[[1.0, 7.0, '-'], [9.0, 9.0, '+'], [18.0, -6.0, '-']]
(1, 7, 9, 10)	[[1.0, 9.0, '-'], [7.0, 10.0, '-'], [-8.0, -3.0, '*']]
(1, 7, 9, 11)	[[1.0, 11.0, '+'], [9.0, 7.0, '-'], [12.0, 2.0, '*']]
(1, 7, 9, 12)	[[1.0, 7.0, '+'], [12.0, 9.0, '-'], [8.0, 3.0, '*']]
(1, 7, 9, 13)	[[1.0, 7.0, '-'], [9.0, 13.0, '-'], [-6.0, -4.0, '*']]
(1, 7, 10, 12)	[[1.0, 7.0, '+'], [10.0, 8.0, '-'], [12.0, 2.0, '*']]
(1, 7, 10, 13)	[[1.0, 7.0, '+'], [13.0, 10.0, '-'], [8.0, 3.0, '*']]
(1, 7, 12, 12)	[[7.0, 1.0, '-'], [12.0, 12.0, '*'], [144.0, 6.0, '/']]
(1, 7, 12, 13)	[[1.0, 13.0, '+'], [7.0, 12.0, '/'], [14.0, 0.5833333333333334, '/']]
(1, 7, 13, 13)	[[13.0, 13.0, '*'], [169.0, 1.0, '-'], [168.0, 7.0, '/']]
(1, 8, 8, 8)	[[1.0, 8.0, '*'], [8.0, 8.0, '+'], [8.0, 16.0, '+']]
(1, 8, 8, 9)	[[1.0, 8.0, '-'], [8.0, 9.0, '+'], [17.0, -7.0, '-']]
(1, 8, 8, 10)	[[1.0, 8.0, '-'], [10.0, -7.0, '+'], [8.0, 3.0, '*']]
(1, 8, 8, 11)	[[1.0, 8.0, '*'], [11.0, 8.0, '-'], [8.0, 3.0, '*']]
(1, 8, 8, 12)	[[1.0, 8.0, '+'], [12.0, 9.0, '-'], [8.0, 3.0, '*']]
(1, 8, 9, 11)	[[1.0, 9.0, '-'], [8.0, 11.0, '-'], [-8.0, -3.0, '*']]
(1, 8, 9, 12)	[[1.0, 8.0, '-'], [9.0, -7.0, '+'], [12.0, 2.0, '*']]
(1, 8, 9, 13)	[[1.0, 9.0, '+'], [13.0, 10.0, '-'], [8.0, 3.0, '*']]
(1, 8, 10, 11)	[[1.0, 11.0, '+'], [10.0, 8.0, '-'], [12.0, 2.0, '*']]
(1, 8, 10, 12)	[[1.0, 8.0, '*'], [10.0, 8.0, '-'], [12.0, 2.0, '*']]
(1, 8, 10, 13)	[[1.0, 8.0, '*'], [13.0, 10.0, '-'], [8.0, 3.0, '*']]
(1, 8, 11, 12)	[[1.0, 8.0, '+'], [11.0, 9.0, '-'], [12.0, 2.0, '*']]
(1, 8, 11, 13)	[[1.0, 11.0, '-'], [13.0, -10.0, '+'], [8.0, 3.0, '*']]
(1, 8, 12, 12)	[[12.0, 8.0, '/'], [1.5, 1.0, '-'], [12.0, 0.5, '/']]
(1, 9, 9, 12)	[[1.0, 9.0, '-'], [9.0, 12.0, '-'], [-8.0, -3.0, '*']]
(1, 9, 10, 12)	[[1.0, 9.0, '-'], [10.0, -8.0, '+'], [12.0, 2.0, '*']]
(1, 9, 10, 13)	[[1.0, 9.0, '-'], [10.0, 13.0, '-'], [-8.0, -3.0, '*']]
(1, 9, 11, 11)	[[1.0, 11.0, '+'], [11.0, 9.0, '-'], [12.0, 2.0, '*']]
(1, 9, 11, 12)	[[1.0, 9.0, '*'], [11.0, 9.0, '-'], [12.0, 2.0, '*']]
(1, 9, 11, 13)	[[1.0, 13.0, '-'], [9.0, 11.0, '-'], [-12.0, -2.0, '*']]
(1, 9, 12, 12)	[[1.0, 9.0, '+'], [12.0, 10.0, '-'], [12.0, 2.0, '*']]
(1, 10, 10, 12)	[[10.0, 10.0, '/'], [1.0, 1.0, '+'], [12.0, 2.0, '*']]
(1, 10, 11, 12)	[[1.0, 10.0, '-'], [11.0, -9.0, '+'], [12.0, 2.0, '*']]
(1, 10, 12, 12)	[[1.0, 10.0, '*'], [12.0, 10.0, '-'], [12.0, 2.0, '*']]
(1, 10, 12, 13)	[[1.0, 10.0, '+'], [13.0, 11.0, '-'], [12.0, 2.0, '*']]
(1, 11, 11, 12)	[[11.0, 11.0, '/'], [1.0, 1.0, '+'], [12.0, 2.0, '*']]
(1, 11, 11, 13)	[[1.0, 11.0, '+'], [13.0, 11.0, '-'], [12.0, 2.0, '*']]
(1, 11, 12, 12)	[[1.0, 11.0, '-'], [12.0, -10.0, '+'], [12.0, 2.0, '*']]
(1, 11, 12, 13)	[[1.0, 11.0, '*'], [13.0, 11.0, '-'], [12.0, 2.0, '*']]
(1, 11, 13, 13)	[[1.0, 13.0, '-'], [11.0, 13.0, '-'], [-12.0, -2.0, '*']]
(1, 12, 12, 12)	[[12.0, 12.0, '/'], [1.0, 1.0, '+'], [12.0, 2.0, '*']]
(1, 12, 12, 13)	[[1.0, 12.0, '-'], [13.0, -11.0, '+'], [12.0, 2.0, '*']]
(1, 12, 13, 13)	[[13.0, 13.0, '/'], [1.0, 1.0, '+'], [12.0, 2.0, '*']]
(2, 2, 2, 3)	[[2.0, 2.0, '+'], [2.0, 3.0, '*'], [4.0, 6.0, '*']]
(2, 2, 2, 4)	[[2.0, 2.0, '+'], [2.0, 4.0, '+'], [4.0, 6.0, '*']]
(2, 2, 2, 5)	[[2.0, 5.0, '*'], [2.0, 10.0, '+'], [2.0, 12.0, '*']]
(2, 2, 2, 7)	[[2.0, 7.0, '*'], [14.0, 2.0, '-'], [2.0, 12.0, '*']]
(2, 2, 2, 8)	[[2.0, 2.0, '+'], [8.0, 2.0, '-'], [4.0, 6.0, '*']]
(2, 2, 2, 9)	[[2.0, 9.0, '+'], [2.0, 11.0, '*'], [2.0, 22.0, '+']]
(2, 2, 2, 10)	[[2.0, 2.0, '+'], [2.0, 10.0, '*'], [4.0, 20.0, '+']]
(2, 2, 2, 11)	[[2.0, 2.0, '/'], [11.0, 1.0, '+'], [2.0, 12.0, '*']]
(2, 2, 2, 12)	[[2.0, 2.0, '+'], [2.0, 12.0, '/'], [4.0, 0.16666666666666666, '/']]
(2, 2, 2, 13)	[[2.0, 2.0, '/'], [13.0, 1.0, '-'], [2.0, 12.0, '*']]
(2, 2, 3, 3)	[[2.0, 2.0, '+'], [3.0, 3.0, '+'], [4.0, 6.0, '*']]
(2, 2, 3, 4)	[[2.0, 2.0, '+'], [4.0, 4.0, '+'], [3.0, 8.0, '*']]
(2, 2, 3, 5)	[[2.0, 5.0, '*'], [10.0, 2.0, '-'], [3.0, 8.0, '*']]
(2, 2, 3, 6)	[[2.0, 2.0, '/'], [3.0, 1.0, '+'], [6.0, 4.0, '*']]
(2, 2, 3, 7)	[[2.0, 2.0, '/'], [7.0, 1.0, '+'], [3.0, 8.0, '*']]
(2, 2, 3, 8)	[[2.0, 2.0, '-'], [3.0, 8.0, '*'], [0.0, 24.0, '+']]
(2, 2, 3, 9)	[[2.0, 2.0, '+'], [9.0, 3.0, '-'], [4.0, 6.0, '*']]
(2, 2, 3, 10)	[[3.0, 10.0, '+'], [2.0, 13.0, '*'], [26.0, 2.0, '-']]
(2, 2, 3, 11)	[[2.0, 3.0, '-'], [11.0, -1.0, '-'], [2.0, 12.0, '*']]
(2, 2, 3, 12)	[[2.0, 2.0, '+'], [3.0, 4.0, '*'], [12.0, 12.0, '+']]
(2, 2, 3, 13)	[[2.0, 3.0, '-'], [13.0, -1.0, '+'], [2.0, 12.0, '*']]
(2, 2, 4, 4)	[[2.0, 4.0, '*'], [4.0, 8.0, '+'], [2.0, 12.0, '*']]
(2, 2, 4, 5)	[[2.0, 2.0, '+'], [4.0, 5.0, '*'], [4.0, 20.0, '+']]
(2, 2, 4, 6)	[[2.0, 2.0, '-'], [4.0, 6.0, '*'], [0.0, 24.0, '+']]
(2, 2, 4, 7)	[[2.0, 2.0, '+'], [4.0, 7.0, '*'], [28.0, 4.0, '-']]
(2, 2, 4, 8)	[[2.0, 2.0, '+'], [4.0, 4.0, '*'], [8.0, 16.0, '+']]
(2, 2, 4, 9)	[[2.0, 4.0, '+'], [2.0, 9.0, '*'], [6.0, 18.0, '+']]
(2, 2, 4, 10)	[[2.0, 2.0, '+'], [10.0, 4.0, '-'], [4.0, 6.0, '*']]
(2, 2, 4, 11)	[[2.0, 4.0, '-'], [2.0, 11.0, '*'], [22.0, -2.0, '-']]
(2, 2, 4, 12)	[[2.0, 4.0, '+'], [2.0, 6.0, '*'], [12.0, 12.0, '+']]
(2, 2, 4, 13)	[[2.0, 4.0, '-'], [2.0, 13.0, '*'], [-2.0, 26.0, '+']]
(2, 2, 5, 5)	[[2.0, 2.0, '/'], [5.0, 5.0, '*'], [25.0, 1.0, '-']]
(2, 2, 5, 6)	[[2.0, 2.0, '/'], [5.0, 1.0, '-'], [6.0, 4.0, '*']]
(2, 2, 5, 7)	[[2.0, 5.0, '*'], [2.0, 7.0, '*'], [10.0, 14.0, '+']]
(2, 2, 5, 8)	[[5.0, 8.0, '+'], [2.0, 13.0, '*'], [26.0, 2.0, '-']]
(2, 2, 5, 9)	[[2.0, 5.0, '-'], [9.0, -3.0, '-'], [2.0, 12.0, '*']]
(2, 2, 5, 10)	[[2.0, 5.0, '+'], [2.0, 7.0, '*'], [10.0, 14.0, '+']]
(2, 2, 5, 11)	[[2.0, 2.0, '+'], [11.0, 5.0, '-'], [4.0, 6.0, '*']]
(2, 2, 5, 12)	[[2.0, 5.0, '*'], [2.0, 12.0, '+'], [10.0, 14.0, '+']]
(2, 2, 6, 6)	[[2.0, 6.0, '+'], [2.0, 6.0, '/'], [8.0, 0.3333333333333333, '/']]
(2, 2, 6, 7)	[[2.0, 7.0, '+'], [2.0, 9.0, '*'], [6.0, 18.0, '+']]
(2, 2, 6, 8)	[[2.0, 2.0, '+'], [8.0, 4.0, '-'], [6.0, 4.0, '*']]
(2, 2, 6, 9)	[[2.0, 9.0, '*'], [18.0, 6.0, '-'], [2.0, 12.0, '*']]
(2, 2, 6, 10)	[[2.0, 6.0, '-'], [2.0, 10.0, '*'], [20.0, -4.0, '-']]
(2, 2, 6, 11)	[[2.0, 11.0, '-'], [2.0, -9.0, '*'], [6.0, -18.0, '-']]
(2, 2, 6, 12)	[[2.0, 2.0, '+'], [6.0, 4.0, '-'], [12.0, 2.0, '*']]
(2, 2, 6, 13)	[[2.0, 13.0, '+'], [2.0, 15.0, '*'], [30.0, 6.0, '-']]
(2, 2, 7, 7)	[[2.0, 7.0, '-'], [7.0, -5.0, '-'], [2.0, 12.0, '*']]
(2, 2, 7, 8)	[[2.0, 2.0, '+'], [7.0, 4.0, '-'], [8.0, 3.0, '*']]
(2, 2, 7, 10)	[[10.0, 2.0, '/'], [7.0, 5.0, '+'], [2.0, 12.0, '*']]
(2, 2, 7, 12)	[[2.0, 7.0, '*'], [2.0, 12.0, '-'], [14.0, -10.0, '-']]
(2, 2, 7, 13)	[[2.0, 2.0, '+'], [7.0, 13.0, '+'], [4.0, 20.0, '+']]
(2, 2, 8, 8)	[[2.0, 2.0, '+'], [8.0, 4.0, '*'], [32.0, 8.0, '-']]
(2, 2, 8, 9)	[[2.0, 8.0, '-'], [2.0, 9.0, '*'], [18.0, -6.0, '-']]
(2, 2, 8, 10)	[[2.0, 8.0, '*'], [2.0, 10.0, '-'], [16.0, -8.0, '-']]
(2, 2, 8, 12)	[[2.0, 2.0, '+'], [8.0, 12.0, '+'], [4.0, 20.0, '+']]
(2, 2, 9, 10)	[[2.0, 9.0, '-'], [2.0, -7.0, '*'], [10.0, -14.0, '-']]
(2, 2, 9, 11)	[[2.0, 2.0, '+'], [9.0, 11.0, '+'], [4.0, 20.0, '+']]
(2, 2, 9, 12)	[[2.0, 2.0, '+'], [9.0, 4.0, '*'], [36.0, 12.0, '-']]
(2, 2, 10, 10)	[[2.0, 2.0, '+'], [10.0, 10.0, '+'], [4.0, 20.0, '+']]
(2, 2, 10, 11)	[[2.0, 11.0, '*'], [22.0, 10.0, '-'], [2.0, 12.0, '*']]
(2, 2, 10, 13)	[[2.0, 2.0, '/'], [10.0, 13.0, '+'], [1.0, 23.0, '+']]
(2, 2, 11, 11)	[[2.0, 11.0, '/'], [2.0, 0.18181818181818182, '+'], [11.0, 2.1818181818181817, '*']]
(2, 2, 11, 12)	[[2.0, 2.0, '/'], [11.0, 12.0, '+'], [1.0, 23.0, '+']]
(2, 2, 11, 13)	[[2.0, 2.0, '-'], [11.0, 13.0, '+'], [0.0, 24.0, '+']]
(2, 2, 12, 12)	[[2.0, 2.0, '-'], [12.0, 12.0, '+'], [0.0, 24.0, '+']]
(2, 2, 12, 13)	[[2.0, 2.0, '/'], [12.0, 13.0, '+'], [25.0, 1.0, '-']]
(2, 2, 13, 13)	[[2.0, 13.0, '/'], [2.0, 0.15384615384615385, '-'], [13.0, 1.8461538461538463, '*']]
(2, 3, 3, 3)	[[2.0, 3.0, '+'], [3.0, 5.0, '+'], [3.0, 8.0, '*']]
(2, 3, 3, 5)	[[2.0, 5.0, '+'], [3.0, 7.0, '*'], [3.0, 21.0, '+']]
(2, 3, 3, 6)	[[2.0, 3.0, '-'], [3.0, -1.0, '-'], [6.0, 4.0, '*']]
(2, 3, 3, 7)	[[2.0, 3.0, '-'], [7.0, -1.0, '-'], [3.0, 8.0, '*']]
(2, 3, 3, 8)	[[2.0, 3.0, '*'], [6.0, 3.0, '-'], [8.0, 3.0, '*']]
(2, 3, 3, 9)	[[2.0, 3.0, '+'], [3.0, 5.0, '*'], [9.0, 15.0, '+']]
(2, 3, 3, 10)	[[2.0, 3.0, '*'], [3.0, 10.0, '*'], [30.0, 6.0, '-']]
(2, 3, 3, 11)	[[3.0, 3.0, '/'], [11.0, 1.0, '+'], [2.0, 12.0, '*']]
(2, 3, 3, 12)	[[2.0, 3.0, '+'], [5.0, 3.0, '-'], [12.0, 2.0, '*']]
(2, 3, 3, 13)	[[2.0, 3.0, '+'], [13.0, 5.0, '-'], [3.0, 8.0, '*']]
(2, 3, 4, 4)	[[2.0, 3.0, '+'], [4.0, 5.0, '*'], [4.0, 20.0, '+']]
(2, 3, 4, 5)	[[2.0, 3.0, '-'], [5.0, -1.0, '-'], [4.0, 6.0, '*']]
(2, 3, 4, 6)	[[2.0, 4.0, '+'], [3.0, 6.0, '*'], [6.0, 18.0, '+']]
(2, 3, 4, 7)	[[2.0, 3.0, '-'], [7.0, -1.0, '+'], [4.0, 6.0, '*']]
(2, 3, 4, 8)	[[2.0, 3.0, '-'], [4.0, -1.0, '+'], [8.0, 3.0, '*']]
(2, 3, 4, 9)	[[2.0, 3.0, '/'], [4.0, 9.0, '*'], [0.6666666666666666, 36.0, '*']]
(2, 3, 4, 10)	[[2.0, 4.0, '+'], [3.0, 10.0, '*'], [30.0, 6.0, '-']]
(2, 3, 4, 11)	[[2.0, 3.0, '+'], [11.0, 5.0, '-'], [4.0, 6.0, '*']]
(2, 3, 4, 12)	[[2.0, 3.0, '*'], [12.0, 6.0, '-'], [4.0, 6.0, '*']]
(2, 3, 4, 13)	[[2.0, 4.0, '*'], [3.0, 13.0, '+'], [8.0, 16.0, '+']]
(2, 3, 5, 5)	[[2.0, 3.0, '-'], [5.0, 5.0, '*'], [-1.0, 25.0, '+']]
(2, 3, 5, 6)	[[2.0, 3.0, '-'], [5.0, -1.0, '+'], [6.0, 4.0, '*']]
(2, 3, 5, 7)	[[2.0, 5.0, '-'], [3.0, 7.0, '*'], [21.0, -3.0, '-']]
(2, 3, 5, 8)	[[2.0, 8.0, '*'], [3.0, 5.0, '+'], [16.0, 8.0, '+']]
(2, 3, 5, 9)	[[2.0, 3.0, '*'], [9.0, 5.0, '-'], [6.0, 4.0, '*']]
(2, 3, 5, 10)	[[2.0, 10.0, '+'], [5.0, 3.0, '-'], [12.0, 2.0, '*']]
(2, 3, 5, 11)	[[2.0, 3.0, '/'], [5.0, 11.0, '+'], [16.0, 0.6666666666666666, '/']]
(2, 3, 5, 12)	[[5.0, 2.0, '/'], [3.0, 2.5, '-'], [12.0, 0.5, '/']]
(2, 3, 5, 13)	[[2.0, 3.0, '*'], [5.0, 13.0, '+'], [6.0, 18.0, '+']]
(2, 3, 6, 6)	[[2.0, 3.0, '+'], [6.0, 5.0, '*'], [30.0, 6.0, '-']]
(2, 3, 6, 7)	[[2.0, 6.0, '/'], [7.0, 0.3333333333333333, '/'], [3.0, 21.0, '+']]
(2, 3, 6, 8)	[[2.0, 8.0, '+'], [3.0, 10.0, '*'], [30.0, 6.0, '-']]
(2, 3, 6, 9)	[[2.0, 3.0, '+'], [9.0, 5.0, '-'], [6.0, 4.0, '*']]
(2, 3, 6, 10)	[[2.0, 3.0, '*'], [10.0, 6.0, '-'], [6.0, 4.0, '*']]
(2, 3, 6, 11)	[[2.0, 6.0, '/'], [11.0, 3.0, '-'], [8.0, 0.3333333333333333, '/']]
(2, 3, 6, 12)	[[2.0, 3.0, '*'], [6.0, 12.0, '+'], [6.0, 18.0, '+']]
(2, 3, 6, 13)	[[2.0, 3.0, '+'], [6.0, 13.0, '+'], [5.0, 19.0, '+']]
(2, 3, 7, 7)	[[2.0, 7.0, '*'], [3.0, 7.0, '+'], [14.0, 10.0, '+']]
(2, 3, 7, 8)	[[2.0, 7.0, '+'], [3.0, 8.0, '/'], [9.0, 0.375, '/']]
(2, 3, 7, 9)	[[2.0, 3.0, '/'], [7.0, 9.0, '+'], [16.0, 0.6666666666666666, '/']]
(2, 3, 7, 10)	[[2.0, 10.0, '*'], [3.0, 7.0, '-'], [20.0, -4.0, '-']]
(2, 3, 7, 11)	[[2.0, 3.0, '+'], [7.0, 5.0, '*'], [35.0, 11.0, '-']]
(2, 3, 7, 12)	[[2.0, 3.0, '+'], [7.0, 12.0, '+'], [5.0, 19.0, '+']]
(2, 3, 7, 13)	[[2.0, 7.0, '-'], [13.0, -5.0, '+'], [3.0, 8.0, '*']]
(2, 3, 8, 8)	[[2.0, 3.0, '+'], [8.0, 5.0, '-'], [8.0, 3.0, '*']]
(2, 3, 8, 9)	[[2.0, 3.0, '*'], [9.0, 6.0, '-'], [8.0, 3.0, '*']]
(2, 3, 8, 10)	[[2.0, 3.0, '*'], [8.0, 10.0, '+'], [6.0, 18.0, '+']]
(2, 3, 8, 11)	[[2.0, 3.0, '+'], [8.0, 11.0, '+'], [5.0, 19.0, '+']]
(2, 3, 8, 12)	[[2.0, 3.0, '*'], [8.0, 6.0, '-'], [12.0, 2.0, '*']]
(2, 3, 8, 13)	[[3.0, 13.0, '+'], [2.0, 16.0, '*'], [32.0, 8.0, '-']]
(2, 3, 9, 9)	[[2.0, 3.0, '*'], [9.0, 9.0, '+'], [6.0, 18.0, '+']]
(2, 3, 9, 10)	[[2.0, 3.0, '+'], [9.0, 10.0, '+'], [5.0, 19.0, '+']]
(2, 3, 9, 12)	[[3.0, 9.0, '-'], [2.0, -6.0, '*'], [12.0, -12.0, '-']]
(2, 3, 9, 13)	[[2.0, 3.0, '*'], [13.0, 9.0, '-'], [6.0, 4.0, '*']]
(2, 3, 10, 10)	[[3.0, 10.0, '-'], [2.0, -7.0, '*'], [10.0, -14.0, '-']]
(2, 3, 10, 12)	[[2.0, 3.0, '+'], [10.0, 12.0, '*'], [120.0, 5.0, '/']]
(2, 3, 10, 13)	[[2.0, 3.0, '-'], [10.0, 13.0, '+'], [23.0, -1.0, '-']]
(2, 3, 11, 11)	[[2.0, 11.0, '-'], [3.0, 11.0, '*'], [-9.0, 33.0, '+']]
(2, 3, 11, 12)	[[2.0, 3.0, '-'], [11.0, 12.0, '+'], [23.0, -1.0, '-']]
(2, 3, 11, 13)	[[2.0, 3.0, '-'], [11.0, -1.0, '*'], [13.0, -11.0, '-']]
(2, 3, 12, 12)	[[2.0, 3.0, '-'], [12.0, -1.0, '*'], [12.0, -12.0, '-']]
(2, 3, 12, 13)	[[2.0, 3.0, '-'], [12.0, 13.0, '+'], [-1.0, 25.0, '+']]
(2, 3, 13, 13)	[[2.0, 13.0, '+'], [3.0, 13.0, '*'], [39.0, 15.0, '-']]
(2, 4, 4, 4)	[[2.0, 4.0, '-'], [4.0, -2.0, '-'], [4.0, 6.0, '*']]
(2, 4, 4, 5)	[[2.0, 5.0, '+'], [4.0, 7.0, '*'], [28.0, 4.0, '-']]
(2, 4, 4, 6)	[[2.0, 4.0, '*'], [8.0, 4.0, '-'], [6.0, 4.0, '*']]
(2, 4, 4, 7)	[[2.0, 4.0, '*'], [7.0, 4.0, '-'], [8.0, 3.0, '*']]
(2, 4, 4, 8)	[[2.0, 4.0, '+'], [8.0, 4.0, '-'], [6.0, 4.0, '*']]
(2, 4, 4, 9)	[[9.0, 2.0, '-'], [4.0, 7.0, '*'], [28.0, 4.0, '-']]
(2, 4, 4, 10)	[[2.0, 4.0, '-'], [10.0, -2.0, '*'], [4.0, -20.0, '-']]
(2, 4, 4, 11)	[[4.0, 4.0, '/'], [11.0, 1.0, '+'], [2.0, 12.0, '*']]
(2, 4, 4, 12)	[[2.0, 4.0, '+'], [12.0, 6.0, '-'], [4.0, 6.0, '*']]
(2, 4, 4, 13)	[[4.0, 4.0, '/'], [13.0, 1.0, '-'], [2.0, 12.0, '*']]
(2, 4, 5, 5)	[[5.0, 5.0, '+'], [2.0, 10.0, '*'], [4.0, 20.0, '+']]
(2, 4, 5, 6)	[[2.0, 4.0, '+'], [5.0, 6.0, '*'], [30.0, 6.0, '-']]
(2, 4, 5, 7)	[[2.0, 4.0, '/'], [5.0, 7.0, '+'], [12.0, 0.5, '/']]
(2, 4, 5, 8)	[[2.0, 4.0, '-'], [5.0, -2.0, '+'], [8.0, 3.0, '*']]
(2, 4, 5, 9)	[[2.0, 4.0, '+'], [9.0, 5.0, '-'], [6.0, 4.0, '*']]
(2, 4, 5, 10)	[[2.0, 5.0, '*'], [4.0, 10.0, '+'], [10.0, 14.0, '+']]
(2, 4, 5, 11)	[[2.0, 4.0, '*'], [5.0, 11.0, '+'], [8.0, 16.0, '+']]
(2, 4, 5, 12)	[[2.0, 5.0, '-'], [4.0, 12.0, '-'], [-3.0, -8.0, '*']]
(2, 4, 5, 13)	[[2.0, 4.0, '+'], [5.0, 13.0, '+'], [6.0, 18.0, '+']]
(2, 4, 6, 6)	[[2.0, 4.0, '-'], [6.0, -2.0, '+'], [6.0, 4.0, '*']]
(2, 4, 6, 7)	[[2.0, 6.0, '+'], [7.0, 4.0, '-'], [8.0, 3.0, '*']]
(2, 4, 6, 8)	[[2.0, 4.0, '/'], [6.0, 8.0, '*'], [0.5, 48.0, '*']]
(2, 4, 6, 9)	[[2.0, 4.0, '-'], [9.0, -2.0, '*'], [6.0, -18.0, '-']]
(2, 4, 6, 10)	[[2.0, 4.0, '+'], [10.0, 6.0, '-'], [6.0, 4.0, '*']]
(2, 4, 6, 11)	[[2.0, 11.0, '*'], [4.0, 6.0, '-'], [22.0, -2.0, '-']]
(2, 4, 6, 12)	[[2.0, 4.0, '+'], [6.0, 12.0, '+'], [6.0, 18.0, '+']]
(2, 4, 6, 13)	[[2.0, 13.0, '*'], [4.0, 6.0, '-'], [26.0, -2.0, '+']]
(2, 4, 7, 7)	[[7.0, 7.0, '+'], [2.0, 14.0, '*'], [28.0, 4.0, '-']]
(2, 4, 7, 8)	[[2.0, 7.0, '*'], [14.0, 8.0, '-'], [4.0, 6.0, '*']]
(2, 4, 7, 9)	[[2.0, 4.0, '*'], [7.0, 9.0, '+'], [8.0, 16.0, '+']]
(2, 4, 7, 10)	[[2.0, 4.0, '-'], [7.0, -2.0, '*'], [10.0, -14.0, '-']]
(2, 4, 7, 11)	[[2.0, 4.0, '+'], [7.0, 11.0, '+'], [6.0, 18.0, '+']]
(2, 4, 7, 12)	[[2.0, 7.0, '+'], [4.0, 9.0, '*'], [36.0, 12.0, '-']]
(2, 4, 8, 8)	[[2.0, 4.0, '-'], [8.0, -2.0, '*'], [8.0, -16.0, '-']]
(2, 4, 8, 9)	[[2.0, 4.0, '+'], [9.0, 6.0, '-'], [8.0, 3.0, '*']]
(2, 4, 8, 10)	[[2.0, 4.0, '+'], [8.0, 10.0, '+'], [6.0, 18.0, '+']]
(2, 4, 8, 11)	[[2.0, 4.0, '*'], [11.0, 8.0, '-'], [8.0, 3.0, '*']]
(2, 4, 8, 12)	[[2.0, 4.0, '+'], [8.0, 6.0, '-'], [12.0, 2.0, '*']]
(2, 4, 8, 13)	[[2.0, 13.0, '*'], [8.0, 4.0, '/'], [26.0, 2.0, '-']]
(2, 4, 9, 9)	[[2.0, 4.0, '+'], [9.0, 9.0, '+'], [6.0, 18.0, '+']]
(2, 4, 9, 10)	[[2.0, 9.0, '*'], [4.0, 10.0, '-'], [18.0, -6.0, '-']]
(2, 4, 9, 12)	[[2.0, 4.0, '*'], [12.0, 9.0, '-'], [8.0, 3.0, '*']]
(2, 4, 9, 13)	[[2.0, 4.0, '+'], [13.0, 9.0, '-'], [6.0, 4.0, '*']]
(2, 4, 10, 10)	[[4.0, 10.0, '/'], [2.0, 0.4, '+'], [10.0, 2.4, '*']]
(2, 4, 10, 11)	[[2.0, 10.0, '*'], [4.0, 11.0, '*'], [44.0, 20.0, '-']]
(2, 4, 10, 12)	[[2.0, 4.0, '-'], [10.0, 12.0, '+'], [22.0, -2.0, '-']]
(2, 4, 10, 13)	[[2.0, 4.0, '*'], [13.0, 10.0, '-'], [8.0, 3.0, '*']]
(2, 4, 11, 11)	[[2.0, 4.0, '-'], [11.0, 11.0, '+'], [22.0, -2.0, '-']]
(2, 4, 11, 12)	[[11.0, 2.0, '-'], [4.0, 9.0, '*'], [36.0, 12.0, '-']]
(2, 4, 12, 12)	[[2.0, 4.0, '+'], [12.0, 12.0, '*'], [144.0, 6.0, '/']]
(2, 4, 13, 13)	[[2.0, 4.0, '-'], [13.0, 13.0, '+'], [-2.0, 26.0, '+']]
(2, 5, 5, 7)	[[2.0, 7.0, '*'], [5.0, 5.0, '+'], [14.0, 10.0, '+']]
(2, 5, 5, 8)	[[5.0, 5.0, '/'], [2.0, 1.0, '+'], [8.0, 3.0, '*']]
(2, 5, 5, 9)	[[2.0, 5.0, '-'], [5.0, -3.0, '*'], [9.0, -15.0, '-']]
(2, 5, 5, 10)	[[2.0, 10.0, '/'], [5.0, 0.2, '-'], [5.0, 4.8, '*']]
(2, 5, 5, 11)	[[2.0, 5.0, '+'], [5.0, 7.0, '*'], [35.0, 11.0, '-']]
(2, 5, 5, 12)	[[2.0, 5.0, '+'], [5.0, 12.0, '+'], [7.0, 17.0, '+']]
(2, 5, 5, 13)	[[2.0, 5.0, '-'], [5.0, 13.0, '-'], [-3.0, -8.0, '*']]
(2, 5, 6, 6)	[[2.0, 5.0, '-'], [6.0, -3.0, '*'], [6.0, -18.0, '-']]
(2, 5, 6, 7)	[[2.0, 5.0, '-'], [7.0, -3.0, '+'], [6.0, 4.0, '*']]
(2, 5, 6, 8)	[[2.0, 5.0, '-'], [6.0, -3.0, '+'], [8.0, 3.0, '*']]
(2, 5, 6, 9)	[[2.0, 5.0, '/'], [6.0, 0.4, '/'], [9.0, 15.0, '+']]
(2, 5, 6, 10)	[[2.0, 5.0, '/'], [6.0, 10.0, '*'], [0.4, 60.0, '*']]
(2, 5, 6, 11)	[[2.0, 5.0, '+'], [6.0, 11.0, '+'], [7.0, 17.0, '+']]
(2, 5, 6, 12)	[[2.0, 5.0, '/'], [12.0, 0.4, '/'], [30.0, 6.0, '-']]
(2, 5, 6, 13)	[[2.0, 6.0, '/'], [13.0, 5.0, '-'], [8.0, 0.3333333333333333, '/']]
(2, 5, 7, 7)	[[2.0, 5.0, '*'], [7.0, 7.0, '+'], [10.0, 14.0, '+']]
(2, 5, 7, 8)	[[2.0, 5.0, '*'], [10.0, 7.0, '-'], [8.0, 3.0, '*']]
(2, 5, 7, 9)	[[2.0, 9.0, '+'], [5.0, 7.0, '*'], [35.0, 11.0, '-']]
(2, 5, 7, 10)	[[2.0, 5.0, '+'], [7.0, 10.0, '+'], [7.0, 17.0, '+']]
(2, 5, 7, 11)	[[2.0, 11.0, '*'], [5.0, 7.0, '-'], [22.0, -2.0, '-']]
(2, 5, 7, 13)	[[2.0, 13.0, '-'], [5.0, 7.0, '*'], [-11.0, 35.0, '+']]
(2, 5, 8, 8)	[[2.0, 8.0, '*'], [5.0, 8.0, '*'], [40.0, 16.0, '-']]
(2, 5, 8, 9)	[[2.0, 5.0, '+'], [8.0, 9.0, '+'], [7.0, 17.0, '+']]
(2, 5, 8, 10)	[[2.0, 5.0, '+'], [10.0, 7.0, '-'], [8.0, 3.0, '*']]
(2, 5, 8, 11)	[[2.0, 8.0, '/'], [11.0, 5.0, '-'], [6.0, 0.25, '/']]
(2, 5, 8, 12)	[[2.0, 5.0, '*'], [10.0, 8.0, '-'], [12.0, 2.0, '*']]
(2, 5, 8, 13)	[[2.0, 5.0, '-'], [8.0, 13.0, '+'], [21.0, -3.0, '-']]
(2, 5, 9, 10)	[[2.0, 10.0, '*'], [5.0, 9.0, '-'], [20.0, -4.0, '-']]
(2, 5, 9, 11)	[[2.0, 9.0, '*'], [5.0, 11.0, '-'], [18.0, -6.0, '-']]
(2, 5, 9, 12)	[[2.0, 5.0, '+'], [9.0, 7.0, '-'], [12.0, 2.0, '*']]
(2, 5, 10, 10)	[[2.0, 10.0, '+'], [5.0, 10.0, '/'], [12.0, 0.5, '/']]
(2, 5, 10, 11)	[[2.0, 5.0, '-'], [10.0, 11.0, '+'], [21.0, -3.0, '-']]
(2, 5, 10, 12)	[[5.0, 12.0, '+'], [2.0, 17.0, '*'], [34.0, 10.0, '-']]
(2, 5, 10, 13)	[[2.0, 13.0, '*'], [5.0, 10.0, '*'], [50.0, 26.0, '-']]
(2, 5, 11, 12)	[[5.0, 11.0, '-'], [2.0, -6.0, '*'], [12.0, -12.0, '-']]
(2, 5, 12, 12)	[[2.0, 5.0, '*'], [12.0, 10.0, '-'], [12.0, 2.0, '*']]
(2, 5, 12, 13)	[[5.0, 13.0, '+'], [2.0, 18.0, '*'], [36.0, 12.0, '-']]
(2, 6, 6, 6)	[[2.0, 6.0, '*'], [6.0, 6.0, '+'], [12.0, 12.0, '+']]
(2, 6, 6, 7)	[[6.0, 2.0, '/'], [7.0, 3.0, '-'], [6.0, 4.0, '*']]
(2, 6, 6, 8)	[[2.0, 6.0, '-'], [8.0, -4.0, '+'], [6.0, 4.0, '*']]
(2, 6, 6, 9)	[[2.0, 6.0, '+'], [9.0, 6.0, '-'], [8.0, 3.0, '*']]
(2, 6, 6, 10)	[[2.0, 6.0, '+'], [6.0, 10.0, '+'], [8.0, 16.0, '+']]
(2, 6, 6, 11)	[[6.0, 6.0, '/'], [11.0, 1.0, '+'], [2.0, 12.0, '*']]
(2, 6, 6, 12)	[[2.0, 6.0, '+'], [12.0, 8.0, '-'], [6.0, 4.0, '*']]
(2, 6, 6, 13)	[[6.0, 6.0, '/'], [13.0, 1.0, '-'], [2.0, 12.0, '*']]
(2, 6, 7, 8)	[[2.0, 6.0, '-'], [7.0, -4.0, '+'], [8.0, 3.0, '*']]
(2, 6, 7, 9)	[[2.0, 6.0, '+'], [7.0, 9.0, '+'], [8.0, 16.0, '+']]
(2, 6, 7, 10)	[[2.0, 6.0, '+'], [10.0, 7.0, '-'], [8.0, 3.0, '*']]
(2, 6, 7, 11)	[[6.0, 7.0, '-'], [11.0, -1.0, '-'], [2.0, 12.0, '*']]
(2, 6, 7, 12)	[[2.0, 12.0, '*'], [7.0, 6.0, '-'], [24.0, 1.0, '*']]
(2, 6, 7, 13)	[[2.0, 6.0, '-'], [7.0, 13.0, '+'], [20.0, -4.0, '-']]
(2, 6, 8, 8)	[[2.0, 6.0, '+'], [8.0, 8.0, '+'], [8.0, 16.0, '+']]
(2, 6, 8, 9)	[[2.0, 6.0, '*'], [12.0, 9.0, '-'], [8.0, 3.0, '*']]
(2, 6, 8, 10)	[[2.0, 6.0, '*'], [10.0, 8.0, '-'], [12.0, 2.0, '*']]
(2, 6, 8, 11)	[[2.0, 6.0, '+'], [11.0, 8.0, '-'], [8.0, 3.0, '*']]
(2, 6, 8, 12)	[[2.0, 6.0, '-'], [8.0, 12.0, '+'], [20.0, -4.0, '-']]
(2, 6, 8, 13)	[[2.0, 13.0, '*'], [6.0, 8.0, '-'], [26.0, -2.0, '+']]
(2, 6, 9, 9)	[[6.0, 9.0, '-'], [9.0, -3.0, '-'], [2.0, 12.0, '*']]
(2, 6, 9, 10)	[[2.0, 10.0, '-'], [6.0, 9.0, '-'], [-8.0, -3.0, '*']]
(2, 6, 9, 11)	[[2.0, 6.0, '-'], [9.0, 11.0, '+'], [20.0, -4.0, '-']]
(2, 6, 9, 12)	[[2.0, 6.0, '+'], [12.0, 9.0, '-'], [8.0, 3.0, '*']]
(2, 6, 10, 10)	[[2.0, 6.0, '-'], [10.0, 10.0, '+'], [20.0, -4.0, '-']]
(2, 6, 10, 11)	[[6.0, 2.0, '/'], [10.0, 11.0, '+'], [3.0, 21.0, '+']]
(2, 6, 10, 12)	[[2.0, 6.0, '+'], [10.0, 8.0, '-'], [12.0, 2.0, '*']]
(2, 6, 10, 13)	[[2.0, 6.0, '+'], [13.0, 10.0, '-'], [8.0, 3.0, '*']]
(2, 6, 11, 12)	[[2.0, 11.0, '*'], [12.0, 6.0, '/'], [22.0, 2.0, '+']]
(2, 6, 11, 13)	[[2.0, 6.0, '*'], [13.0, 11.0, '-'], [12.0, 2.0, '*']]
(2, 6, 12, 12)	[[2.0, 6.0, '/'], [12.0, 0.3333333333333333, '/'], [36.0, 12.0, '-']]
(2, 6, 12, 13)	[[2.0, 13.0, '*'], [12.0, 6.0, '/'], [26.0, 2.0, '-']]
(2, 7, 7, 8)	[[2.0, 7.0, '+'], [7.0, 8.0, '+'], [9.0, 15.0, '+']]
(2, 7, 7, 10)	[[10.0, 7.0, '/'], [2.0, 1.4285714285714286, '+'], [7.0, 3.428571428571429, '*']]
(2, 7, 7, 11)	[[7.0, 2.0, '-'], [7.0, 5.0, '*'], [35.0, 11.0, '-']]
(2, 7, 7, 12)	[[2.0, 7.0, '+'], [9.0, 7.0, '-'], [12.0, 2.0, '*']]
(2, 7, 7, 13)	[[7.0, 7.0, '/'], [13.0, 1.0, '-'], [2.0, 12.0, '*']]
(2, 7, 8, 8)	[[2.0, 7.0, '-'], [8.0, -5.0, '+'], [8.0, 3.0, '*']]
(2, 7, 8, 9)	[[7.0, 9.0, '+'], [2.0, 16.0, '*'], [32.0, 8.0, '-']]
(2, 7, 8, 11)	[[2.0, 7.0, '-'], [8.0, 11.0, '+'], [19.0, -5.0, '-']]
(2, 7, 8, 12)	[[2.0, 7.0, '+'], [12.0, 9.0, '-'], [8.0, 3.0, '*']]
(2, 7, 8, 13)	[[2.0, 8.0, '/'], [13.0, 7.0, '-'], [6.0, 0.25, '/']]
(2, 7, 9, 10)	[[2.0, 7.0, '-'], [9.0, 10.0, '+'], [19.0, -5.0, '-']]
(2, 7, 9, 11)	[[2.0, 11.0, '*'], [7.0, 9.0, '-'], [22.0, -2.0, '-']]
(2, 7, 9, 13)	[[2.0, 9.0, '*'], [7.0, 13.0, '-'], [18.0, -6.0, '-']]
(2, 7, 10, 10)	[[2.0, 10.0, '-'], [7.0, 10.0, '-'], [-8.0, -3.0, '*']]
(2, 7, 10, 11)	[[2.0, 7.0, '/'], [10.0, 0.2857142857142857, '/'], [35.0, 11.0, '-']]
(2, 7, 10, 12)	[[7.0, 2.0, '-'], [10.0, 12.0, '*'], [120.0, 5.0, '/']]
(2, 7, 11, 12)	[[2.0, 7.0, '+'], [11.0, 9.0, '-'], [12.0, 2.0, '*']]
(2, 7, 12, 12)	[[2.0, 7.0, '*'], [14.0, 12.0, '-'], [12.0, 2.0, '*']]
(2, 7, 12, 13)	[[7.0, 13.0, '-'], [2.0, -6.0, '*'], [12.0, -12.0, '-']]
(2, 8, 8, 8)	[[2.0, 8.0, '/'], [8.0, 0.25, '/'], [32.0, 8.0, '-']]
(2, 8, 8, 9)	[[2.0, 8.0, '-'], [9.0, -6.0, '+'], [8.0, 3.0, '*']]
(2, 8, 8, 10)	[[2.0, 8.0, '-'], [8.0, 10.0, '+'], [18.0, -6.0, '-']]
(2, 8, 8, 11)	[[8.0, 8.0, '/'], [11.0, 1.0, '+'], [2.0, 12.0, '*']]
(2, 8, 8, 12)	[[2.0, 8.0, '+'], [10.0, 8.0, '-'], [12.0, 2.0, '*']]
(2, 8, 8, 13)	[[2.0, 8.0, '+'], [13.0, 10.0, '-'], [8.0, 3.0, '*']]
(2, 8, 9, 9)	[[2.0, 8.0, '-'], [9.0, 9.0, '+'], [18.0, -6.0, '-']]
(2, 8, 9, 10)	[[2.0, 9.0, '-'], [10.0, -7.0, '+'], [8.0, 3.0, '*']]
(2, 8, 9, 11)	[[8.0, 2.0, '/'], [9.0, 11.0, '+'], [4.0, 20.0, '+']]
(2, 8, 9, 12)	[[2.0, 8.0, '/'], [9.0, 0.25, '/'], [36.0, 12.0, '-']]
(2, 8, 9, 13)	[[2.0, 8.0, '-'], [9.0, 13.0, '-'], [-6.0, -4.0, '*']]
(2, 8, 10, 10)	[[2.0, 10.0, '+'], [10.0, 8.0, '-'], [12.0, 2.0, '*']]
(2, 8, 10, 11)	[[2.0, 10.0, '-'], [8.0, 11.0, '-'], [-8.0, -3.0, '*']]
(2, 8, 10, 12)	[[2.0, 10.0, '*'], [8.0, 12.0, '-'], [20.0, -4.0, '-']]
(2, 8, 10, 13)	[[2.0, 13.0, '*'], [8.0, 10.0, '-'], [26.0, -2.0, '+']]
(2, 8, 11, 11)	[[11.0, 11.0, '/'], [2.0, 1.0, '+'], [8.0, 3.0, '*']]
(2, 8, 11, 12)	[[2.0, 11.0, '-'], [12.0, -9.0, '+'], [8.0, 3.0, '*']]
(2, 8, 12, 12)	[[2.0, 8.0, '+'], [12.0, 10.0, '-'], [12.0, 2.0, '*']]
(2, 8, 12, 13)	[[2.0, 12.0, '-'], [13.0, -10.0, '+'], [8.0, 3.0, '*']]
(2, 8, 13, 13)	[[13.0, 13.0, '/'], [2.0, 1.0, '+'], [8.0, 3.0, '*']]
(2, 9, 9, 11)	[[9.0, 9.0, '/'], [11.0, 1.0, '+'], [2.0, 12.0, '*']]
(2, 9, 9, 12)	[[2.0, 9.0, '+'], [11.0, 9.0, '-'], [12.0, 2.0, '*']]
(2, 9, 9, 13)	[[9.0, 9.0, '/'], [13.0, 1.0, '-'], [2.0, 12.0, '*']]
(2, 9, 10, 10)	[[9.0, 10.0, '+'], [10.0, 2.0, '/'], [19.0, 5.0, '+']]
(2, 9, 10, 11)	[[2.0, 10.0, '+'], [11.0, 9.0, '-'], [12.0, 2.0, '*']]
(2, 9, 10, 12)	[[2.0, 10.0, '-'], [9.0, 12.0, '-'], [-8.0, -3.0, '*']]
(2, 9, 10, 13)	[[2.0, 10.0, '*'], [9.0, 13.0, '-'], [20.0, -4.0, '-']]
(2, 9, 11, 11)	[[2.0, 11.0, '*'], [9.0, 11.0, '-'], [22.0, -2.0, '-']]
(2, 9, 11, 13)	[[2.0, 13.0, '*'], [9.0, 11.0, '-'], [26.0, -2.0, '+']]
(2, 9, 12, 13)	[[2.0, 9.0, '+'], [13.0, 11.0, '-'], [12.0, 2.0, '*']]
(2, 9, 13, 13)	[[9.0, 13.0, '+'], [22.0, 2.0, '/'], [13.0, 11.0, '+']]
(2, 10, 10, 11)	[[10.0, 10.0, '/'], [11.0, 1.0, '+'], [2.0, 12.0, '*']]
(2, 10, 10, 12)	[[2.0, 10.0, '+'], [12.0, 10.0, '-'], [12.0, 2.0, '*']]
(2, 10, 10, 13)	[[2.0, 10.0, '-'], [10.0, 13.0, '-'], [-8.0, -3.0, '*']]
(2, 10, 11, 11)	[[10.0, 11.0, '-'], [11.0, -1.0, '-'], [2.0, 12.0, '*']]
(2, 10, 11, 12)	[[2.0, 11.0, '*'], [10.0, 12.0, '-'], [22.0, -2.0, '-']]
(2, 10, 11, 13)	[[2.0, 10.0, '+'], [13.0, 11.0, '-'], [12.0, 2.0, '*']]
(2, 10, 12, 13)	[[2.0, 13.0, '*'], [10.0, 12.0, '-'], [26.0, -2.0, '+']]
(2, 11, 11, 11)	[[11.0, 11.0, '/'], [11.0, 1.0, '+'], [2.0, 12.0, '*']]
(2, 11, 11, 12)	[[2.0, 11.0, '+'], [13.0, 11.0, '-'], [12.0, 2.0, '*']]
(2, 11, 11, 13)	[[2.0, 11.0, '*'], [11.0, 13.0, '-'], [22.0, -2.0, '-']]
(2, 11, 12, 12)	[[2.0, 12.0, '*'], [12.0, 11.0, '-'], [24.0, 1.0, '*']]
(2, 11, 12, 13)	[[11.0, 12.0, '-'], [13.0, -1.0, '+'], [2.0, 12.0, '*']]
(2, 11, 13, 13)	[[2.0, 13.0, '*'], [11.0, 13.0, '-'], [26.0, -2.0, '+']]
(2, 12, 12, 12)	[[2.0, 12.0, '+'], [14.0, 12.0, '-'], [12.0, 2.0, '*']]
(2, 12, 12, 13)	[[2.0, 12.0, '*'], [13.0, 12.0, '-'], [24.0, 1.0, '*']]
(2, 12, 13, 13)	[[2.0, 12.0, '*'], [13.0, 13.0, '-'], [24.0, 0.0, '+']]
(2, 13, 13, 13)	[[13.0, 13.0, '/'], [13.0, 1.0, '-'], [2.0, 12.0, '*']]
(3, 3, 3, 3)	[[3.0, 3.0, '*'], [3.0, 9.0, '*'], [27.0, 3.0, '-']]
(3, 3, 3, 4)	[[3.0, 3.0, '*'], [9.0, 3.0, '-'], [4.0, 6.0, '*']]
(3, 3, 3, 5)	[[3.0, 3.0, '*'], [3.0, 5.0, '*'], [9.0, 15.0, '+']]
(3, 3, 3, 6)	[[3.0, 3.0, '+'], [3.0, 6.0, '*'], [6.0, 18.0, '+']]
(3, 3, 3, 7)	[[3.0, 3.0, '+'], [7.0, 3.0, '-'], [6.0, 4.0, '*']]
(3, 3, 3, 8)	[[3.0, 3.0, '+'], [6.0, 3.0, '-'], [8.0, 3.0, '*']]
(3, 3, 3, 9)	[[3.0, 3.0, '/'], [9.0, 1.0, '-'], [3.0, 8.0, '*']]
(3, 3, 3, 10)	[[3.0, 3.0, '+'], [3.0, 10.0, '*'], [30.0, 6.0, '-']]
(3, 3, 3, 11)	[[3.0, 3.0, '*'], [3.0, 11.0, '*'], [33.0, 9.0, '-']]
(3, 3, 3, 12)	[[3.0, 3.0, '+'], [3.0, 12.0, '/'], [6.0, 0.25, '/']]
(3, 3, 4, 4)	[[3.0, 4.0, '*'], [3.0, 4.0, '*'], [12.0, 12.0, '+']]
(3, 3, 4, 5)	[[3.0, 3.0, '/'], [5.0, 1.0, '+'], [4.0, 6.0, '*']]
(3, 3, 4, 6)	[[3.0, 3.0, '-'], [4.0, 6.0, '*'], [0.0, 24.0, '+']]
(3, 3, 4, 7)	[[3.0, 3.0, '/'], [7.0, 1.0, '-'], [4.0, 6.0, '*']]
(3, 3, 4, 8)	[[3.0, 3.0, '+'], [8.0, 4.0, '-'], [6.0, 4.0, '*']]
(3, 3, 4, 9)	[[3.0, 4.0, '-'], [9.0, -1.0, '+'], [3.0, 8.0, '*']]
(3, 3, 4, 11)	[[3.0, 3.0, '*'], [4.0, 11.0, '+'], [9.0, 15.0, '+']]
(3, 3, 4, 12)	[[3.0, 3.0, '+'], [12.0, 6.0, '-'], [4.0, 6.0, '*']]
(3, 3, 4, 13)	[[13.0, 4.0, '-'], [3.0, 9.0, '*'], [27.0, 3.0, '-']]
(3, 3, 5, 5)	[[3.0, 3.0, '/'], [5.0, 5.0, '*'], [25.0, 1.0, '-']]
(3, 3, 5, 6)	[[3.0, 3.0, '+'], [5.0, 6.0, '*'], [30.0, 6.0, '-']]
(3, 3, 5, 7)	[[3.0, 5.0, '*'], [15.0, 7.0, '-'], [3.0, 8.0, '*']]
(3, 3, 5, 9)	[[3.0, 3.0, '+'], [9.0, 5.0, '-'], [6.0, 4.0, '*']]
(3, 3, 5, 10)	[[3.0, 3.0, '*'], [5.0, 10.0, '+'], [9.0, 15.0, '+']]
(3, 3, 5, 12)	[[3.0, 5.0, '*'], [3.0, 12.0, '-'], [15.0, -9.0, '-']]
(3, 3, 5, 13)	[[3.0, 3.0, '+'], [5.0, 13.0, '+'], [6.0, 18.0, '+']]
(3, 3, 6, 6)	[[6.0, 3.0, '/'], [6.0, 2.0, '+'], [3.0, 8.0, '*']]
(3, 3, 6, 7)	[[3.0, 6.0, '-'], [3.0, 7.0, '*'], [21.0, -3.0, '-']]
(3, 3, 6, 8)	[[3.0, 3.0, '*'], [9.0, 6.0, '-'], [8.0, 3.0, '*']]
(3, 3, 6, 9)	[[3.0, 3.0, '*'], [6.0, 9.0, '+'], [9.0, 15.0, '+']]
(3, 3, 6, 10)	[[3.0, 3.0, '+'], [10.0, 6.0, '-'], [6.0, 4.0, '*']]
(3, 3, 6, 11)	[[3.0, 6.0, '+'], [3.0, 11.0, '*'], [33.0, 9.0, '-']]
(3, 3, 6, 12)	[[3.0, 3.0, '+'], [6.0, 12.0, '+'], [6.0, 18.0, '+']]
(3, 3, 6, 13)	[[3.0, 3.0, '*'], [13.0, 9.0, '-'], [6.0, 4.0, '*']]
(3, 3, 7, 7)	[[3.0, 7.0, '/'], [3.0, 0.42857142857142855, '+'], [7.0, 3.4285714285714284, '*']]
(3, 3, 7, 8)	[[3.0, 3.0, '*'], [7.0, 8.0, '+'], [9.0, 15.0, '+']]
(3, 3, 7, 9)	[[3.0, 7.0, '-'], [3.0, 9.0, '-'], [-4.0, -6.0, '*']]
(3, 3, 7, 11)	[[3.0, 3.0, '+'], [7.0, 11.0, '+'], [6.0, 18.0, '+']]
(3, 3, 7, 12)	[[3.0, 3.0, '*'], [9.0, 7.0, '-'], [12.0, 2.0, '*']]
(3, 3, 7, 13)	[[3.0, 7.0, '*'], [21.0, 13.0, '-'], [3.0, 8.0, '*']]
(3, 3, 8, 8)	[[8.0, 3.0, '/'], [3.0, 2.6666666666666665, '-'], [8.0, 0.3333333333333335, '/']]
(3, 3, 8, 9)	[[3.0, 3.0, '+'], [9.0, 6.0, '-'], [8.0, 3.0, '*']]
(3, 3, 8, 10)	[[3.0, 3.0, '+'], [8.0, 10.0, '+'], [6.0, 18.0, '+']]
(3, 3, 8, 12)	[[3.0, 3.0, '+'], [8.0, 6.0, '-'], [12.0, 2.0, '*']]
(3, 3, 8, 13)	[[3.0, 8.0, '-'], [13.0, -5.0, '+'], [3.0, 8.0, '*']]
(3, 3, 9, 9)	[[3.0, 3.0, '+'], [9.0, 9.0, '+'], [6.0, 18.0, '+']]
(3, 3, 9, 10)	[[3.0, 9.0, '-'], [3.0, 10.0, '*'], [-6.0, 30.0, '+']]
(3, 3, 9, 11)	[[3.0, 9.0, '/'], [11.0, 3.0, '-'], [8.0, 0.3333333333333333, '/']]
(3, 3, 9, 12)	[[3.0, 9.0, '+'], [3.0, 12.0, '*'], [36.0, 12.0, '-']]
(3, 3, 9, 13)	[[3.0, 3.0, '+'], [13.0, 9.0, '-'], [6.0, 4.0, '*']]
(3, 3, 10, 13)	[[3.0, 3.0, '/'], [10.0, 13.0, '+'], [1.0, 23.0, '+']]
(3, 3, 11, 12)	[[3.0, 3.0, '*'], [11.0, 9.0, '-'], [12.0, 2.0, '*']]
(3, 3, 11, 13)	[[3.0, 3.0, '-'], [11.0, 13.0, '+'], [0.0, 24.0, '+']]
(3, 3, 12, 12)	[[3.0, 3.0, '+'], [12.0, 12.0, '*'], [144.0, 6.0, '/']]
(3, 3, 12, 13)	[[3.0, 3.0, '/'], [12.0, 13.0, '+'], [25.0, 1.0, '-']]
(3, 4, 4, 4)	[[3.0, 4.0, '+'], [4.0, 7.0, '*'], [28.0, 4.0, '-']]
(3, 4, 4, 5)	[[3.0, 4.0, '-'], [5.0, -1.0, '-'], [4.0, 6.0, '*']]
(3, 4, 4, 6)	[[3.0, 4.0, '*'], [6.0, 4.0, '-'], [12.0, 2.0, '*']]
(3, 4, 4, 7)	[[3.0, 4.0, '-'], [7.0, -1.0, '+'], [4.0, 6.0, '*']]
(3, 4, 4, 8)	[[3.0, 4.0, '+'], [7.0, 4.0, '-'], [8.0, 3.0, '*']]
(3, 4, 4, 9)	[[3.0, 4.0, '*'], [4.0, 9.0, '*'], [36.0, 12.0, '-']]
(3, 4, 4, 10)	[[10.0, 3.0, '-'], [4.0, 7.0, '*'], [28.0, 4.0, '-']]
(3, 4, 4, 11)	[[3.0, 11.0, '-'], [4.0, 4.0, '*'], [16.0, -8.0, '-']]
(3, 4, 4, 12)	[[4.0, 4.0, '/'], [3.0, 1.0, '-'], [12.0, 2.0, '*']]
(3, 4, 4, 13)	[[3.0, 4.0, '+'], [4.0, 13.0, '+'], [7.0, 17.0, '+']]
(3, 4, 5, 5)	[[3.0, 4.0, '-'], [5.0, 5.0, '*'], [-1.0, 25.0, '+']]
(3, 4, 5, 6)	[[3.0, 4.0, '-'], [5.0, -1.0, '+'], [6.0, 4.0, '*']]
(3, 4, 5, 7)	[[3.0, 4.0, '*'], [5.0, 7.0, '+'], [12.0, 12.0, '+']]
(3, 4, 5, 8)	[[3.0, 5.0, '+'], [4.0, 8.0, '*'], [32.0, 8.0, '-']]
(3, 4, 5, 9)	[[3.0, 5.0, '*'], [15.0, 9.0, '-'], [4.0, 6.0, '*']]
(3, 4, 5, 10)	[[3.0, 4.0, '*'], [5.0, 10.0, '/'], [12.0, 0.5, '/']]
(3, 4, 5, 11)	[[3.0, 4.0, '+'], [5.0, 7.0, '*'], [35.0, 11.0, '-']]
(3, 4, 5, 12)	[[3.0, 4.0, '+'], [5.0, 12.0, '+'], [7.0, 17.0, '+']]
(3, 4, 5, 13)	[[3.0, 4.0, '/'], [5.0, 13.0, '+'], [18.0, 0.75, '/']]
(3, 4, 6, 6)	[[3.0, 4.0, '*'], [6.0, 6.0, '+'], [12.0, 12.0, '+']]
(3, 4, 6, 8)	[[3.0, 4.0, '*'], [8.0, 6.0, '-'], [12.0, 2.0, '*']]
(3, 4, 6, 9)	[[3.0, 6.0, '-'], [9.0, -3.0, '+'], [4.0, 6.0, '*']]
(3, 4, 6, 10)	[[3.0, 6.0, '*'], [4.0, 10.0, '-'], [18.0, -6.0, '-']]
(3, 4, 6, 11)	[[3.0, 4.0, '+'], [6.0, 11.0, '+'], [7.0, 17.0, '+']]
(3, 4, 6, 12)	[[3.0, 4.0, '*'], [6.0, 12.0, '/'], [12.0, 0.5, '/']]
(3, 4, 6, 13)	[[3.0, 13.0, '+'], [4.0, 6.0, '/'], [16.0, 0.6666666666666666, '/']]
(3, 4, 7, 7)	[[3.0, 7.0, '-'], [4.0, 7.0, '*'], [-4.0, 28.0, '+']]
(3, 4, 7, 8)	[[3.0, 7.0, '-'], [4.0, -4.0, '*'], [8.0, -16.0, '-']]
(3, 4, 7, 9)	[[3.0, 4.0, '*'], [9.0, 7.0, '-'], [12.0, 2.0, '*']]
(3, 4, 7, 10)	[[3.0, 4.0, '+'], [7.0, 10.0, '+'], [7.0, 17.0, '+']]
(3, 4, 7, 11)	[[3.0, 4.0, '/'], [7.0, 11.0, '+'], [18.0, 0.75, '/']]
(3, 4, 7, 12)	[[3.0, 7.0, '*'], [12.0, 4.0, '/'], [21.0, 3.0, '+']]
(3, 4, 8, 9)	[[3.0, 4.0, '+'], [8.0, 9.0, '+'], [7.0, 17.0, '+']]
(3, 4, 8, 10)	[[3.0, 4.0, '+'], [10.0, 7.0, '-'], [8.0, 3.0, '*']]
(3, 4, 8, 11)	[[3.0, 8.0, '-'], [11.0, -5.0, '+'], [4.0, 6.0, '*']]
(3, 4, 8, 12)	[[3.0, 4.0, '/'], [12.0, 0.75, '/'], [8.0, 16.0, '+']]
(3, 4, 8, 13)	[[3.0, 8.0, '/'], [13.0, 4.0, '-'], [9.0, 0.375, '/']]
(3, 4, 9, 9)	[[3.0, 4.0, '/'], [9.0, 9.0, '+'], [18.0, 0.75, '/']]
(3, 4, 9, 11)	[[3.0, 4.0, '*'], [11.0, 9.0, '-'], [12.0, 2.0, '*']]
(3, 4, 9, 12)	[[3.0, 4.0, '+'], [9.0, 7.0, '-'], [12.0, 2.0, '*']]
(3, 4, 9, 13)	[[4.0, 9.0, '-'], [13.0, -5.0, '+'], [3.0, 8.0, '*']]
(3, 4, 10, 10)	[[3.0, 10.0, '*'], [4.0, 10.0, '-'], [30.0, -6.0, '+']]
(3, 4, 10, 12)	[[3.0, 4.0, '*'], [12.0, 10.0, '-'], [12.0, 2.0, '*']]
(3, 4, 10, 13)	[[3.0, 4.0, '-'], [10.0, 13.0, '+'], [23.0, -1.0, '-']]
(3, 4, 11, 12)	[[3.0, 4.0, '-'], [11.0, 12.0, '+'], [23.0, -1.0, '-']]
(3, 4, 11, 13)	[[3.0, 4.0, '-'], [11.0, -1.0, '*'], [13.0, -11.0, '-']]
(3, 4, 12, 12)	[[3.0, 4.0, '-'], [12.0, -1.0, '*'], [12.0, -12.0, '-']]
(3, 4, 12, 13)	[[3.0, 4.0, '-'], [12.0, 13.0, '+'], [-1.0, 25.0, '+']]
(3, 5, 5, 6)	[[5.0, 5.0, '+'], [3.0, 10.0, '*'], [30.0, 6.0, '-']]
(3, 5, 5, 7)	[[5.0, 3.0, '-'], [5.0, 7.0, '+'], [2.0, 12.0, '*']]
(3, 5, 5, 8)	[[3.0, 5.0, '+'], [8.0, 5.0, '-'], [8.0, 3.0, '*']]
(3, 5, 5, 9)	[[5.0, 5.0, '/'], [9.0, 1.0, '-'], [3.0, 8.0, '*']]
(3, 5, 5, 11)	[[3.0, 5.0, '+'], [5.0, 11.0, '+'], [8.0, 16.0, '+']]
(3, 5, 5, 12)	[[5.0, 5.0, '/'], [3.0, 1.0, '-'], [12.0, 2.0, '*']]
(3, 5, 6, 6)	[[3.0, 5.0, '-'], [6.0, -2.0, '+'], [6.0, 4.0, '*']]
(3, 5, 6, 7)	[[3.0, 6.0, '/'], [5.0, 7.0, '+'], [12.0, 0.5, '/']]
(3, 5, 6, 8)	[[3.0, 8.0, '*'], [6.0, 5.0, '-'], [24.0, 1.0, '*']]
(3, 5, 6, 9)	[[3.0, 5.0, '+'], [9.0, 6.0, '-'], [8.0, 3.0, '*']]
(3, 5, 6, 10)	[[3.0, 5.0, '+'], [6.0, 10.0, '+'], [8.0, 16.0, '+']]
(3, 5, 6, 11)	[[3.0, 5.0, '*'], [15.0, 11.0, '-'], [6.0, 4.0, '*']]
(3, 5, 6, 12)	[[3.0, 5.0, '+'], [12.0, 8.0, '-'], [6.0, 4.0, '*']]
(3, 5, 6, 13)	[[3.0, 6.0, '-'], [5.0, 13.0, '-'], [-3.0, -8.0, '*']]
(3, 5, 7, 8)	[[3.0, 7.0, '*'], [5.0, 8.0, '-'], [21.0, -3.0, '-']]
(3, 5, 7, 9)	[[3.0, 5.0, '+'], [7.0, 9.0, '+'], [8.0, 16.0, '+']]
(3, 5, 7, 10)	[[3.0, 5.0, '+'], [10.0, 7.0, '-'], [8.0, 3.0, '*']]
(3, 5, 7, 11)	[[3.0, 7.0, '-'], [5.0, 11.0, '-'], [-4.0, -6.0, '*']]
(3, 5, 7, 12)	[[3.0, 7.0, '+'], [5.0, 12.0, '/'], [10.0, 0.4166666666666667, '/']]
(3, 5, 7, 13)	[[5.0, 13.0, '*'], [7.0, 65.0, '+'], [72.0, 3.0, '/']]
(3, 5, 8, 8)	[[3.0, 5.0, '+'], [8.0, 8.0, '+'], [8.0, 16.0, '+']]
(3, 5, 8, 9)	[[3.0, 9.0, '*'], [5.0, 8.0, '-'], [27.0, -3.0, '+']]
(3, 5, 8, 11)	[[3.0, 5.0, '+'], [11.0, 8.0, '-'], [8.0, 3.0, '*']]
(3, 5, 8, 12)	[[3.0, 5.0, '*'], [15.0, 12.0, '-'], [8.0, 3.0, '*']]
(3, 5, 8, 13)	[[3.0, 13.0, '+'], [5.0, 8.0, '*'], [40.0, 16.0, '-']]
(3, 5, 9, 9)	[[3.0, 5.0, '/'], [9.0, 0.6, '/'], [9.0, 15.0, '+']]
(3, 5, 9, 10)	[[3.0, 9.0, '+'], [5.0, 10.0, '/'], [12.0, 0.5, '/']]
(3, 5, 9, 12)	[[3.0, 5.0, '+'], [12.0, 9.0, '-'], [8.0, 3.0, '*']]
(3, 5, 9, 13)	[[3.0, 5.0, '-'], [9.0, 13.0, '+'], [22.0, -2.0, '-']]
(3, 5, 10, 10)	[[10.0, 5.0, '/'], [10.0, 2.0, '-'], [3.0, 8.0, '*']]
(3, 5, 10, 11)	[[3.0, 10.0, '*'], [5.0, 11.0, '-'], [30.0, -6.0, '+']]
(3, 5, 10, 12)	[[3.0, 5.0, '+'], [10.0, 8.0, '-'], [12.0, 2.0, '*']]
(3, 5, 10, 13)	[[3.0, 5.0, '+'], [13.0, 10.0, '-'], [8.0, 3.0, '*']]
(3, 5, 11, 11)	[[3.0, 5.0, '-'], [11.0, 11.0, '+'], [22.0, -2.0, '-']]
(3, 5, 11, 12)	[[3.0, 12.0, '/'], [11.0, 5.0, '-'], [6.0, 0.25, '/']]
(3, 5, 12, 12)	[[3.0, 12.0, '*'], [5.0, 12.0, '*'], [60.0, 36.0, '-']]
(3, 5, 12, 13)	[[3.0, 5.0, '*'], [15.0, 13.0, '-'], [12.0, 2.0, '*']]
(3, 5, 13, 13)	[[3.0, 5.0, '-'], [13.0, 13.0, '+'], [-2.0, 26.0, '+']]
(3, 6, 6, 6)	[[3.0, 6.0, '-'], [6.0, -3.0, '*'], [6.0, -18.0, '-']]
(3, 6, 6, 7)	[[3.0, 6.0, '-'], [7.0, -3.0, '+'], [6.0, 4.0, '*']]
(3, 6, 6, 8)	[[3.0, 6.0, '+'], [9.0, 6.0, '-'], [8.0, 3.0, '*']]
(3, 6, 6, 9)	[[3.0, 6.0, '+'], [6.0, 9.0, '+'], [9.0, 15.0, '+']]
(3, 6, 6, 10)	[[6.0, 3.0, '-'], [10.0, 3.0, '*'], [30.0, 6.0, '-']]
(3, 6, 6, 11)	[[6.0, 11.0, '*'], [6.0, 66.0, '+'], [72.0, 3.0, '/']]
(3, 6, 6, 12)	[[3.0, 6.0, '*'], [6.0, 12.0, '-'], [18.0, -6.0, '-']]
(3, 6, 6, 13)	[[3.0, 6.0, '+'], [13.0, 9.0, '-'], [6.0, 4.0, '*']]
(3, 6, 7, 7)	[[6.0, 7.0, '-'], [7.0, -1.0, '-'], [3.0, 8.0, '*']]
(3, 6, 7, 8)	[[3.0, 6.0, '+'], [7.0, 8.0, '+'], [9.0, 15.0, '+']]
(3, 6, 7, 9)	[[3.0, 7.0, '*'], [6.0, 9.0, '-'], [21.0, -3.0, '-']]
(3, 6, 7, 10)	[[3.0, 6.0, '/'], [7.0, 0.5, '/'], [10.0, 14.0, '+']]
(3, 6, 7, 12)	[[3.0, 6.0, '+'], [9.0, 7.0, '-'], [12.0, 2.0, '*']]
(3, 6, 7, 13)	[[3.0, 6.0, '*'], [7.0, 13.0, '-'], [18.0, -6.0, '-']]
(3, 6, 8, 8)	[[3.0, 6.0, '/'], [8.0, 0.5, '/'], [8.0, 16.0, '+']]
(3, 6, 8, 9)	[[3.0, 8.0, '-'], [9.0, -5.0, '+'], [6.0, 4.0, '*']]
(3, 6, 8, 10)	[[6.0, 8.0, '-'], [10.0, -2.0, '+'], [3.0, 8.0, '*']]
(3, 6, 8, 12)	[[3.0, 6.0, '+'], [12.0, 9.0, '-'], [8.0, 3.0, '*']]
(3, 6, 8, 13)	[[3.0, 6.0, '-'], [8.0, 13.0, '+'], [21.0, -3.0, '-']]
(3, 6, 9, 9)	[[3.0, 9.0, '*'], [6.0, 9.0, '-'], [27.0, -3.0, '+']]
(3, 6, 9, 10)	[[3.0, 9.0, '-'], [6.0, 10.0, '-'], [-6.0, -4.0, '*']]
(3, 6, 9, 11)	[[3.0, 11.0, '-'], [6.0, 9.0, '-'], [-8.0, -3.0, '*']]
(3, 6, 9, 12)	[[3.0, 6.0, '-'], [9.0, 12.0, '+'], [21.0, -3.0, '-']]
(3, 6, 9, 13)	[[3.0, 13.0, '+'], [6.0, 9.0, '/'], [16.0, 0.6666666666666666, '/']]
(3, 6, 10, 10)	[[6.0, 10.0, '/'], [3.0, 0.6, '-'], [10.0, 2.4, '*']]
(3, 6, 10, 11)	[[3.0, 6.0, '-'], [10.0, 11.0, '+'], [21.0, -3.0, '-']]
(3, 6, 10, 12)	[[3.0, 10.0, '*'], [6.0, 12.0, '-'], [30.0, -6.0, '+']]
(3, 6, 11, 11)	[[6.0, 3.0, '/'], [11.0, 11.0, '+'], [2.0, 22.0, '+']]
(3, 6, 11, 12)	[[3.0, 6.0, '+'], [11.0, 9.0, '-'], [12.0, 2.0, '*']]
(3, 6, 11, 13)	[[6.0, 11.0, '-'], [13.0, -5.0, '+'], [3.0, 8.0, '*']]
(3, 6, 12, 12)	[[3.0, 12.0, '/'], [12.0, 6.0, '-'], [6.0, 0.25, '/']]
(3, 6, 12, 13)	[[3.0, 12.0, '-'], [13.0, -9.0, '+'], [6.0, 4.0, '*']]
(3, 6, 13, 13)	[[6.0, 3.0, '/'], [13.0, 13.0, '+'], [26.0, 2.0, '-']]
(3, 7, 7, 7)	[[3.0, 7.0, '+'], [7.0, 7.0, '+'], [10.0, 14.0, '+']]
(3, 7, 7, 8)	[[3.0, 7.0, '+'], [10.0, 7.0, '-'], [8.0, 3.0, '*']]
(3, 7, 7, 9)	[[7.0, 7.0, '/'], [9.0, 1.0, '-'], [3.0, 8.0, '*']]
(3, 7, 7, 10)	[[3.0, 7.0, '*'], [7.0, 10.0, '-'], [21.0, -3.0, '-']]
(3, 7, 7, 12)	[[7.0, 7.0, '/'], [3.0, 1.0, '-'], [12.0, 2.0, '*']]
(3, 7, 7, 13)	[[3.0, 7.0, '-'], [7.0, 13.0, '+'], [20.0, -4.0, '-']]
(3, 7, 8, 8)	[[3.0, 8.0, '*'], [8.0, 7.0, '-'], [24.0, 1.0, '*']]
(3, 7, 8, 9)	[[7.0, 8.0, '-'], [9.0, -1.0, '+'], [3.0, 8.0, '*']]
(3, 7, 8, 11)	[[3.0, 7.0, '*'], [8.0, 11.0, '-'], [21.0, -3.0, '-']]
(3, 7, 8, 12)	[[3.0, 7.0, '+'], [10.0, 8.0, '-'], [12.0, 2.0, '*']]
(3, 7, 8, 13)	[[3.0, 7.0, '+'], [13.0, 10.0, '-'], [8.0, 3.0, '*']]
(3, 7, 9, 9)	[[3.0, 9.0, '+'], [9.0, 7.0, '-'], [12.0, 2.0, '*']]
(3, 7, 9, 10)	[[3.0, 9.0, '*'], [7.0, 10.0, '-'], [27.0, -3.0, '+']]
(3, 7, 9, 11)	[[3.0, 7.0, '-'], [9.0, 11.0, '+'], [20.0, -4.0, '-']]
(3, 7, 9, 12)	[[3.0, 7.0, '*'], [9.0, 12.0, '-'], [21.0, -3.0, '-']]
(3, 7, 9, 13)	[[3.0, 13.0, '*'], [7.0, 9.0, '*'], [63.0, 39.0, '-']]
(3, 7, 10, 10)	[[3.0, 7.0, '-'], [10.0, 10.0, '+'], [20.0, -4.0, '-']]
(3, 7, 10, 11)	[[3.0, 11.0, '-'], [7.0, 10.0, '-'], [-8.0, -3.0, '*']]
(3, 7, 10, 13)	[[3.0, 7.0, '*'], [10.0, 13.0, '-'], [21.0, -3.0, '-']]
(3, 7, 11, 11)	[[11.0, 11.0, '/'], [7.0, 1.0, '+'], [3.0, 8.0, '*']]
(3, 7, 11, 12)	[[3.0, 11.0, '+'], [7.0, 12.0, '/'], [14.0, 0.5833333333333334, '/']]
(3, 7, 12, 12)	[[3.0, 7.0, '+'], [12.0, 10.0, '-'], [12.0, 2.0, '*']]
(3, 7, 12, 13)	[[3.0, 12.0, '/'], [13.0, 7.0, '-'], [6.0, 0.25, '/']]
(3, 7, 13, 13)	[[13.0, 13.0, '/'], [7.0, 1.0, '+'], [3.0, 8.0, '*']]
(3, 8, 8, 8)	[[3.0, 8.0, '+'], [11.0, 8.0, '-'], [8.0, 3.0, '*']]
(3, 8, 8, 9)	[[3.0, 8.0, '*'], [9.0, 8.0, '-'], [24.0, 1.0, '*']]
(3, 8, 8, 10)	[[8.0, 10.0, '*'], [80.0, 8.0, '-'], [72.0, 3.0, '/']]
(3, 8, 8, 11)	[[3.0, 8.0, '-'], [8.0, 11.0, '+'], [19.0, -5.0, '-']]
(3, 8, 8, 12)	[[3.0, 8.0, '/'], [12.0, 0.375, '/'], [32.0, 8.0, '-']]
(3, 8, 9, 9)	[[3.0, 8.0, '*'], [9.0, 9.0, '-'], [24.0, 0.0, '+']]
(3, 8, 9, 10)	[[3.0, 8.0, '-'], [9.0, 10.0, '+'], [19.0, -5.0, '-']]
(3, 8, 9, 11)	[[3.0, 9.0, '*'], [8.0, 11.0, '-'], [27.0, -3.0, '+']]
(3, 8, 9, 12)	[[3.0, 8.0, '+'], [11.0, 9.0, '-'], [12.0, 2.0, '*']]
(3, 8, 9, 13)	[[8.0, 13.0, '+'], [9.0, 3.0, '/'], [21.0, 3.0, '+']]
(3, 8, 10, 10)	[[3.0, 8.0, '*'], [10.0, 10.0, '-'], [24.0, 0.0, '+']]
(3, 8, 10, 11)	[[3.0, 8.0, '*'], [11.0, 10.0, '-'], [24.0, 1.0, '*']]
(3, 8, 10, 12)	[[8.0, 3.0, '-'], [10.0, 12.0, '*'], [120.0, 5.0, '/']]
(3, 8, 11, 11)	[[3.0, 8.0, '*'], [11.0, 11.0, '-'], [24.0, 0.0, '+']]
(3, 8, 11, 12)	[[3.0, 8.0, '*'], [12.0, 11.0, '-'], [24.0, 1.0, '*']]
(3, 8, 12, 12)	[[3.0, 8.0, '*'], [12.0, 12.0, '-'], [24.0, 0.0, '+']]
(3, 8, 12, 13)	[[3.0, 8.0, '+'], [13.0, 11.0, '-'], [12.0, 2.0, '*']]
(3, 8, 13, 13)	[[3.0, 8.0, '*'], [13.0, 13.0, '-'], [24.0, 0.0, '+']]
(3, 9, 9, 9)	[[3.0, 9.0, '-'], [9.0, 9.0, '+'], [18.0, -6.0, '-']]
(3, 9, 9, 10)	[[9.0, 9.0, '+'], [18.0, 10.0, '-'], [3.0, 8.0, '*']]
(3, 9, 9, 11)	[[3.0, 9.0, '+'], [11.0, 9.0, '-'], [12.0, 2.0, '*']]
(3, 9, 9, 12)	[[3.0, 9.0, '*'], [9.0, 12.0, '-'], [27.0, -3.0, '+']]
(3, 9, 9, 13)	[[3.0, 9.0, '-'], [9.0, 13.0, '-'], [-6.0, -4.0, '*']]
(3, 9, 10, 10)	[[10.0, 10.0, '/'], [9.0, 1.0, '-'], [3.0, 8.0, '*']]
(3, 9, 10, 11)	[[9.0, 3.0, '/'], [10.0, 11.0, '+'], [3.0, 21.0, '+']]
(3, 9, 10, 12)	[[3.0, 9.0, '+'], [12.0, 10.0, '-'], [12.0, 2.0, '*']]
(3, 9, 10, 13)	[[3.0, 9.0, '*'], [10.0, 13.0, '-'], [27.0, -3.0, '+']]
(3, 9, 11, 11)	[[9.0, 11.0, '/'], [3.0, 0.8181818181818182, '-'], [11.0, 2.1818181818181817, '*']]
(3, 9, 11, 12)	[[3.0, 11.0, '-'], [9.0, 12.0, '-'], [-8.0, -3.0, '*']]
(3, 9, 11, 13)	[[3.0, 9.0, '+'], [13.0, 11.0, '-'], [12.0, 2.0, '*']]
(3, 9, 12, 12)	[[3.0, 9.0, '/'], [12.0, 0.3333333333333333, '/'], [36.0, 12.0, '-']]
(3, 9, 12, 13)	[[9.0, 12.0, '+'], [21.0, 13.0, '-'], [3.0, 8.0, '*']]
(3, 9, 13, 13)	[[13.0, 13.0, '/'], [9.0, 1.0, '-'], [3.0, 8.0, '*']]
(3, 10, 10, 12)	[[10.0, 10.0, '+'], [12.0, 3.0, '/'], [20.0, 4.0, '+']]
(3, 10, 11, 12)	[[3.0, 10.0, '+'], [13.0, 11.0, '-'], [12.0, 2.0, '*']]
(3, 10, 11, 13)	[[3.0, 11.0, '-'], [10.0, 13.0, '-'], [-8.0, -3.0, '*']]
(3, 11, 11, 12)	[[11.0, 11.0, '/'], [3.0, 1.0, '-'], [12.0, 2.0, '*']]
(3, 11, 12, 12)	[[3.0, 11.0, '+'], [14.0, 12.0, '-'], [12.0, 2.0, '*']]
(3, 12, 12, 12)	[[12.0, 12.0, '/'], [3.0, 1.0, '-'], [12.0, 2.0, '*']]
(3, 12, 12, 13)	[[3.0, 12.0, '+'], [15.0, 13.0, '-'], [12.0, 2.0, '*']]
(3, 12, 13, 13)	[[13.0, 13.0, '/'], [3.0, 1.0, '-'], [12.0, 2.0, '*']]
(4, 4, 4, 4)	[[4.0, 4.0, '+'], [4.0, 4.0, '*'], [8.0, 16.0, '+']]
(4, 4, 4, 5)	[[4.0, 4.0, '/'], [5.0, 1.0, '+'], [4.0, 6.0, '*']]
(4, 4, 4, 6)	[[4.0, 4.0, '+'], [8.0, 4.0, '-'], [6.0, 4.0, '*']]
(4, 4, 4, 7)	[[4.0, 4.0, '+'], [7.0, 4.0, '-'], [8.0, 3.0, '*']]
(4, 4, 4, 8)	[[4.0, 4.0, '+'], [4.0, 8.0, '*'], [32.0, 8.0, '-']]
(4, 4, 4, 9)	[[4.0, 9.0, '-'], [4.0, -5.0, '*'], [4.0, -20.0, '-']]
(4, 4, 4, 10)	[[4.0, 4.0, '*'], [4.0, 10.0, '*'], [40.0, 16.0, '-']]
(4, 4, 4, 11)	[[11.0, 4.0, '-'], [4.0, 7.0, '*'], [28.0, 4.0, '-']]
(4, 4, 4, 12)	[[4.0, 4.0, '+'], [4.0, 12.0, '+'], [8.0, 16.0, '+']]
(4, 4, 5, 5)	[[4.0, 4.0, '/'], [5.0, 5.0, '*'], [25.0, 1.0, '-']]
(4, 4, 5, 6)	[[4.0, 4.0, '/'], [5.0, 1.0, '-'], [6.0, 4.0, '*']]
(4, 4, 5, 7)	[[4.0, 5.0, '-'], [7.0, -1.0, '+'], [4.0, 6.0, '*']]
(4, 4, 5, 8)	[[4.0, 4.0, '+'], [8.0, 5.0, '-'], [8.0, 3.0, '*']]
(4, 4, 5, 10)	[[5.0, 10.0, '-'], [4.0, -5.0, '*'], [4.0, -20.0, '-']]
(4, 4, 5, 11)	[[4.0, 4.0, '+'], [5.0, 11.0, '+'], [8.0, 16.0, '+']]
(4, 4, 5, 12)	[[4.0, 5.0, '+'], [4.0, 9.0, '*'], [36.0, 12.0, '-']]
(4, 4, 5, 13)	[[4.0, 4.0, '*'], [5.0, 13.0, '-'], [16.0, -8.0, '-']]
(4, 4, 6, 8)	[[4.0, 6.0, '-'], [8.0, -2.0, '+'], [4.0, 6.0, '*']]
(4, 4, 6, 9)	[[4.0, 4.0, '+'], [9.0, 6.0, '-'], [8.0, 3.0, '*']]
(4, 4, 6, 10)	[[4.0, 4.0, '+'], [6.0, 10.0, '+'], [8.0, 16.0, '+']]
(4, 4, 6, 11)	[[6.0, 11.0, '-'], [4.0, -5.0, '*'], [4.0, -20.0, '-']]
(4, 4, 6, 12)	[[4.0, 4.0, '+'], [12.0, 8.0, '-'], [6.0, 4.0, '*']]
(4, 4, 6, 13)	[[13.0, 6.0, '-'], [4.0, 7.0, '*'], [28.0, 4.0, '-']]
(4, 4, 7, 7)	[[4.0, 7.0, '/'], [4.0, 0.5714285714285714, '-'], [7.0, 3.428571428571429, '*']]
(4, 4, 7, 8)	[[4.0, 7.0, '*'], [4.0, 8.0, '-'], [28.0, -4.0, '+']]
(4, 4, 7, 9)	[[4.0, 4.0, '+'], [7.0, 9.0, '+'], [8.0, 16.0, '+']]
(4, 4, 7, 10)	[[4.0, 4.0, '+'], [10.0, 7.0, '-'], [8.0, 3.0, '*']]
(4, 4, 7, 12)	[[4.0, 7.0, '-'], [4.0, 12.0, '-'], [-3.0, -8.0, '*']]
(4, 4, 7, 13)	[[4.0, 7.0, '*'], [4.0, 13.0, '*'], [52.0, 28.0, '-']]
(4, 4, 8, 8)	[[4.0, 4.0, '+'], [8.0, 8.0, '+'], [8.0, 16.0, '+']]
(4, 4, 8, 9)	[[4.0, 8.0, '+'], [4.0, 9.0, '*'], [36.0, 12.0, '-']]
(4, 4, 8, 10)	[[4.0, 8.0, '-'], [4.0, 10.0, '-'], [-4.0, -6.0, '*']]
(4, 4, 8, 11)	[[4.0, 4.0, '+'], [11.0, 8.0, '-'], [8.0, 3.0, '*']]
(4, 4, 8, 12)	[[4.0, 4.0, '*'], [8.0, 12.0, '/'], [16.0, 0.6666666666666666, '/']]
(4, 4, 8, 13)	[[4.0, 4.0, '*'], [16.0, 13.0, '-'], [8.0, 3.0, '*']]
(4, 4, 9, 11)	[[4.0, 9.0, '-'], [11.0, -5.0, '+'], [4.0, 6.0, '*']]
(4, 4, 9, 12)	[[4.0, 4.0, '+'], [12.0, 9.0, '-'], [8.0, 3.0, '*']]
(4, 4, 10, 10)	[[10.0, 10.0, '*'], [100.0, 4.0, '-'], [96.0, 4.0, '/']]
(4, 4, 10, 12)	[[4.0, 4.0, '+'], [10.0, 8.0, '-'], [12.0, 2.0, '*']]
(4, 4, 10, 13)	[[4.0, 4.0, '+'], [13.0, 10.0, '-'], [8.0, 3.0, '*']]
(4, 4, 11, 12)	[[4.0, 4.0, '/'], [11.0, 12.0, '+'], [1.0, 23.0, '+']]
(4, 4, 11, 13)	[[4.0, 4.0, '-'], [11.0, 13.0, '+'], [0.0, 24.0, '+']]
(4, 4, 12, 12)	[[4.0, 4.0, '-'], [12.0, 12.0, '+'], [0.0, 24.0, '+']]
(4, 4, 12, 13)	[[4.0, 4.0, '/'], [12.0, 13.0, '+'], [25.0, 1.0, '-']]
(4, 5, 5, 5)	[[4.0, 5.0, '-'], [5.0, 5.0, '*'], [-1.0, 25.0, '+']]
(4, 5, 5, 6)	[[4.0, 5.0, '+'], [9.0, 5.0, '-'], [6.0, 4.0, '*']]
(4, 5, 5, 7)	[[5.0, 5.0, '/'], [7.0, 1.0, '-'], [4.0, 6.0, '*']]
(4, 5, 5, 8)	[[5.0, 5.0, '/'], [4.0, 1.0, '-'], [8.0, 3.0, '*']]
(4, 5, 5, 9)	[[4.0, 5.0, '*'], [5.0, 9.0, '-'], [20.0, -4.0, '-']]
(4, 5, 5, 10)	[[4.0, 5.0, '+'], [5.0, 10.0, '+'], [9.0, 15.0, '+']]
(4, 5, 6, 6)	[[4.0, 6.0, '*'], [6.0, 5.0, '-'], [24.0, 1.0, '*']]
(4, 5, 6, 7)	[[5.0, 6.0, '-'], [7.0, -1.0, '+'], [4.0, 6.0, '*']]
(4, 5, 6, 8)	[[4.0, 5.0, '+'], [9.0, 6.0, '-'], [8.0, 3.0, '*']]
(4, 5, 6, 9)	[[4.0, 5.0, '+'], [6.0, 9.0, '+'], [9.0, 15.0, '+']]
(4, 5, 6, 10)	[[4.0, 5.0, '*'], [6.0, 10.0, '-'], [20.0, -4.0, '-']]
(4, 5, 6, 11)	[[4.0, 6.0, '/'], [5.0, 11.0, '+'], [16.0, 0.6666666666666666, '/']]
(4, 5, 6, 12)	[[4.0, 6.0, '+'], [5.0, 12.0, '/'], [10.0, 0.4166666666666667, '/']]
(4, 5, 6, 13)	[[4.0, 5.0, '+'], [13.0, 9.0, '-'], [6.0, 4.0, '*']]
(4, 5, 7, 7)	[[4.0, 7.0, '+'], [5.0, 7.0, '*'], [35.0, 11.0, '-']]
(4, 5, 7, 8)	[[4.0, 5.0, '+'], [7.0, 8.0, '+'], [9.0, 15.0, '+']]
(4, 5, 7, 9)	[[4.0, 7.0, '-'], [5.0, -3.0, '*'], [9.0, -15.0, '-']]
(4, 5, 7, 10)	[[5.0, 7.0, '-'], [10.0, -2.0, '*'], [4.0, -20.0, '-']]
(4, 5, 7, 11)	[[4.0, 5.0, '*'], [7.0, 11.0, '-'], [20.0, -4.0, '-']]
(4, 5, 7, 12)	[[4.0, 5.0, '+'], [9.0, 7.0, '-'], [12.0, 2.0, '*']]
(4, 5, 7, 13)	[[4.0, 7.0, '-'], [5.0, 13.0, '-'], [-3.0, -8.0, '*']]
(4, 5, 8, 8)	[[8.0, 4.0, '/'], [5.0, 2.0, '-'], [8.0, 3.0, '*']]
(4, 5, 8, 9)	[[5.0, 8.0, '-'], [9.0, -3.0, '+'], [4.0, 6.0, '*']]
(4, 5, 8, 10)	[[4.0, 8.0, '+'], [5.0, 10.0, '/'], [12.0, 0.5, '/']]
(4, 5, 8, 11)	[[4.0, 8.0, '-'], [5.0, 11.0, '-'], [-4.0, -6.0, '*']]
(4, 5, 8, 12)	[[4.0, 5.0, '+'], [12.0, 9.0, '-'], [8.0, 3.0, '*']]
(4, 5, 8, 13)	[[4.0, 8.0, '*'], [5.0, 13.0, '-'], [32.0, -8.0, '+']]
(4, 5, 9, 9)	[[9.0, 9.0, '/'], [5.0, 1.0, '+'], [4.0, 6.0, '*']]
(4, 5, 9, 10)	[[4.0, 10.0, '-'], [5.0, 9.0, '-'], [-6.0, -4.0, '*']]
(4, 5, 9, 12)	[[4.0, 5.0, '/'], [12.0, 0.8, '/'], [9.0, 15.0, '+']]
(4, 5, 9, 13)	[[4.0, 5.0, '*'], [9.0, 13.0, '-'], [20.0, -4.0, '-']]
(4, 5, 10, 10)	[[5.0, 10.0, '/'], [10.0, 0.5, '/'], [4.0, 20.0, '+']]
(4, 5, 10, 11)	[[4.0, 10.0, '*'], [5.0, 11.0, '+'], [40.0, 16.0, '-']]
(4, 5, 10, 12)	[[4.0, 5.0, '*'], [10.0, 12.0, '/'], [20.0, 0.8333333333333334, '/']]
(4, 5, 10, 13)	[[4.0, 5.0, '-'], [10.0, 13.0, '+'], [23.0, -1.0, '-']]
(4, 5, 11, 11)	[[11.0, 4.0, '-'], [5.0, 7.0, '*'], [35.0, 11.0, '-']]
(4, 5, 11, 12)	[[4.0, 5.0, '+'], [11.0, 9.0, '-'], [12.0, 2.0, '*']]
(4, 5, 11, 13)	[[4.0, 5.0, '-'], [11.0, -1.0, '*'], [13.0, -11.0, '-']]
(4, 5, 12, 12)	[[4.0, 5.0, '-'], [12.0, -1.0, '*'], [12.0, -12.0, '-']]
(4, 5, 12, 13)	[[4.0, 5.0, '-'], [12.0, 13.0, '+'], [-1.0, 25.0, '+']]
(4, 5, 13, 13)	[[13.0, 13.0, '/'], [5.0, 1.0, '+'], [4.0, 6.0, '*']]
(4, 6, 6, 6)	[[4.0, 6.0, '+'], [10.0, 6.0, '-'], [6.0, 4.0, '*']]
(4, 6, 6, 7)	[[4.0, 6.0, '*'], [7.0, 6.0, '-'], [24.0, 1.0, '*']]
(4, 6, 6, 8)	[[4.0, 6.0, '+'], [6.0, 8.0, '+'], [10.0, 14.0, '+']]
(4, 6, 6, 9)	[[4.0, 6.0, '-'], [9.0, -2.0, '*'], [6.0, -18.0, '-']]
(4, 6, 6, 10)	[[4.0, 6.0, '/'], [6.0, 10.0, '+'], [16.0, 0.6666666666666666, '/']]
(4, 6, 6, 12)	[[4.0, 6.0, '-'], [6.0, -2.0, '*'], [12.0, -12.0, '-']]
(4, 6, 7, 7)	[[4.0, 6.0, '+'], [7.0, 7.0, '+'], [10.0, 14.0, '+']]
(4, 6, 7, 8)	[[4.0, 6.0, '+'], [10.0, 7.0, '-'], [8.0, 3.0, '*']]
(4, 6, 7, 9)	[[4.0, 6.0, '/'], [7.0, 9.0, '+'], [16.0, 0.6666666666666666, '/']]
(4, 6, 7, 10)	[[4.0, 6.0, '-'], [7.0, -2.0, '*'], [10.0, -14.0, '-']]
(4, 6, 7, 12)	[[6.0, 12.0, '*'], [7.0, 4.0, '-'], [72.0, 3.0, '/']]
(4, 6, 8, 8)	[[4.0, 6.0, '-'], [8.0, -2.0, '*'], [8.0, -16.0, '-']]
(4, 6, 8, 9)	[[4.0, 6.0, '*'], [9.0, 8.0, '-'], [24.0, 1.0, '*']]
(4, 6, 8, 10)	[[6.0, 8.0, '-'], [10.0, -2.0, '*'], [4.0, -20.0, '-']]
(4, 6, 8, 12)	[[4.0, 6.0, '+'], [10.0, 8.0, '-'], [12.0, 2.0, '*']]
(4, 6, 8, 13)	[[4.0, 6.0, '+'], [13.0, 10.0, '-'], [8.0, 3.0, '*']]
(4, 6, 9, 9)	[[4.0, 6.0, '*'], [9.0, 9.0, '-'], [24.0, 0.0, '+']]
(4, 6, 9, 10)	[[4.0, 6.0, '*'], [10.0, 9.0, '-'], [24.0, 1.0, '*']]
(4, 6, 9, 12)	[[4.0, 12.0, '+'], [6.0, 9.0, '/'], [16.0, 0.6666666666666666, '/']]
(4, 6, 9, 13)	[[4.0, 6.0, '-'], [9.0, 13.0, '+'], [22.0, -2.0, '-']]
(4, 6, 10, 10)	[[4.0, 6.0, '*'], [10.0, 10.0, '-'], [24.0, 0.0, '+']]
(4, 6, 10, 11)	[[4.0, 6.0, '*'], [11.0, 10.0, '-'], [24.0, 1.0, '*']]
(4, 6, 10, 12)	[[4.0, 6.0, '-'], [10.0, 12.0, '+'], [22.0, -2.0, '-']]
(4, 6, 11, 11)	[[4.0, 6.0, '-'], [11.0, 11.0, '+'], [22.0, -2.0, '-']]
(4, 6, 11, 12)	[[4.0, 6.0, '*'], [12.0, 11.0, '-'], [24.0, 1.0, '*']]
(4, 6, 12, 12)	[[4.0, 6.0, '+'], [12.0, 10.0, '-'], [12.0, 2.0, '*']]
(4, 6, 12, 13)	[[4.0, 6.0, '*'], [13.0, 12.0, '-'], [24.0, 1.0, '*']]
(4, 6, 13, 13)	[[4.0, 6.0, '-'], [13.0, 13.0, '+'], [-2.0, 26.0, '+']]
(4, 7, 7, 7)	[[7.0, 7.0, '/'], [7.0, 1.0, '-'], [4.0, 6.0, '*']]
(4, 7, 7, 8)	[[7.0, 7.0, '+'], [14.0, 8.0, '-'], [4.0, 6.0, '*']]
(4, 7, 7, 11)	[[4.0, 7.0, '*'], [7.0, 11.0, '-'], [28.0, -4.0, '+']]
(4, 7, 8, 8)	[[4.0, 7.0, '+'], [11.0, 8.0, '-'], [8.0, 3.0, '*']]
(4, 7, 8, 9)	[[4.0, 8.0, '+'], [9.0, 7.0, '-'], [12.0, 2.0, '*']]
(4, 7, 8, 10)	[[4.0, 7.0, '/'], [8.0, 0.5714285714285714, '/'], [10.0, 14.0, '+']]
(4, 7, 8, 11)	[[7.0, 11.0, '-'], [4.0, -4.0, '*'], [8.0, -16.0, '-']]
(4, 7, 8, 12)	[[4.0, 7.0, '*'], [8.0, 12.0, '-'], [28.0, -4.0, '+']]
(4, 7, 8, 13)	[[4.0, 7.0, '-'], [8.0, 13.0, '+'], [21.0, -3.0, '-']]
(4, 7, 9, 9)	[[9.0, 9.0, '/'], [7.0, 1.0, '-'], [4.0, 6.0, '*']]
(4, 7, 9, 10)	[[4.0, 10.0, '*'], [7.0, 9.0, '+'], [40.0, 16.0, '-']]
(4, 7, 9, 11)	[[7.0, 4.0, '-'], [11.0, 3.0, '*'], [33.0, 9.0, '-']]
(4, 7, 9, 12)	[[4.0, 7.0, '+'], [11.0, 9.0, '-'], [12.0, 2.0, '*']]
(4, 7, 9, 13)	[[4.0, 7.0, '*'], [9.0, 13.0, '-'], [28.0, -4.0, '+']]
(4, 7, 10, 10)	[[10.0, 10.0, '/'], [7.0, 1.0, '-'], [4.0, 6.0, '*']]
(4, 7, 10, 11)	[[4.0, 7.0, '-'], [10.0, 11.0, '+'], [21.0, -3.0, '-']]
(4, 7, 10, 12)	[[4.0, 10.0, '+'], [7.0, 12.0, '/'], [14.0, 0.5833333333333334, '/']]
(4, 7, 11, 11)	[[11.0, 11.0, '/'], [7.0, 1.0, '-'], [4.0, 6.0, '*']]
(4, 7, 11, 12)	[[7.0, 11.0, '+'], [18.0, 12.0, '-'], [4.0, 6.0, '*']]
(4, 7, 11, 13)	[[4.0, 11.0, '*'], [7.0, 13.0, '+'], [44.0, 20.0, '-']]
(4, 7, 12, 12)	[[7.0, 4.0, '-'], [12.0, 3.0, '*'], [36.0, 12.0, '-']]
(4, 7, 12, 13)	[[4.0, 7.0, '+'], [13.0, 11.0, '-'], [12.0, 2.0, '*']]
(4, 7, 13, 13)	[[13.0, 13.0, '/'], [7.0, 1.0, '-'], [4.0, 6.0, '*']]
(4, 8, 8, 8)	[[4.0, 8.0, '/'], [8.0, 0.5, '/'], [8.0, 16.0, '+']]
(4, 8, 8, 9)	[[4.0, 8.0, '+'], [12.0, 9.0, '-'], [8.0, 3.0, '*']]
(4, 8, 8, 10)	[[4.0, 8.0, '+'], [10.0, 8.0, '-'], [12.0, 2.0, '*']]
(4, 8, 8, 11)	[[8.0, 11.0, '*'], [8.0, 88.0, '+'], [96.0, 4.0, '/']]
(4, 8, 8, 12)	[[4.0, 8.0, '-'], [8.0, 12.0, '+'], [20.0, -4.0, '-']]
(4, 8, 8, 13)	[[8.0, 13.0, '*'], [104.0, 8.0, '-'], [96.0, 4.0, '/']]
(4, 8, 9, 9)	[[9.0, 9.0, '/'], [4.0, 1.0, '-'], [8.0, 3.0, '*']]
(4, 8, 9, 10)	[[4.0, 9.0, '+'], [13.0, 10.0, '-'], [8.0, 3.0, '*']]
(4, 8, 9, 11)	[[4.0, 8.0, '+'], [11.0, 9.0, '-'], [12.0, 2.0, '*']]
(4, 8, 9, 12)	[[4.0, 8.0, '*'], [9.0, 12.0, '/'], [32.0, 0.75, '*']]
(4, 8, 9, 13)	[[8.0, 4.0, '/'], [9.0, 13.0, '+'], [2.0, 22.0, '+']]
(4, 8, 10, 10)	[[4.0, 8.0, '-'], [10.0, 10.0, '+'], [20.0, -4.0, '-']]
(4, 8, 10, 11)	[[4.0, 10.0, '+'], [14.0, 11.0, '-'], [8.0, 3.0, '*']]
(4, 8, 10, 12)	[[4.0, 8.0, '+'], [12.0, 10.0, '-'], [12.0, 2.0, '*']]
(4, 8, 11, 11)	[[8.0, 4.0, '/'], [11.0, 11.0, '+'], [2.0, 22.0, '+']]
(4, 8, 11, 12)	[[4.0, 11.0, '+'], [15.0, 12.0, '-'], [8.0, 3.0, '*']]
(4, 8, 11, 13)	[[4.0, 8.0, '+'], [13.0, 11.0, '-'], [12.0, 2.0, '*']]
(4, 8, 12, 12)	[[4.0, 12.0, '+'], [8.0, 12.0, '/'], [16.0, 0.6666666666666666, '/']]
(4, 8, 12, 13)	[[4.0, 12.0, '+'], [16.0, 13.0, '-'], [8.0, 3.0, '*']]
(4, 8, 13, 13)	[[8.0, 4.0, '/'], [13.0, 13.0, '+'], [26.0, 2.0, '-']]
(4, 9, 9, 10)	[[4.0, 9.0, '-'], [9.0, 10.0, '+'], [19.0, -5.0, '-']]
(4, 9, 9, 12)	[[9.0, 9.0, '+'], [18.0, 12.0, '-'], [4.0, 6.0, '*']]
(4, 9, 10, 11)	[[9.0, 11.0, '-'], [10.0, -2.0, '*'], [4.0, -20.0, '-']]
(4, 9, 10, 12)	[[9.0, 4.0, '-'], [10.0, 12.0, '*'], [120.0, 5.0, '/']]
(4, 9, 10, 13)	[[4.0, 10.0, '-'], [9.0, 13.0, '-'], [-6.0, -4.0, '*']]
(4, 9, 11, 11)	[[4.0, 11.0, '*'], [9.0, 11.0, '+'], [44.0, 20.0, '-']]
(4, 9, 11, 12)	[[4.0, 9.0, '+'], [13.0, 11.0, '-'], [12.0, 2.0, '*']]
(4, 9, 12, 12)	[[4.0, 12.0, '-'], [9.0, 12.0, '-'], [-8.0, -3.0, '*']]
(4, 10, 10, 11)	[[4.0, 11.0, '*'], [10.0, 10.0, '+'], [44.0, 20.0, '-']]
(4, 10, 10, 12)	[[10.0, 12.0, '-'], [10.0, -2.0, '*'], [4.0, -20.0, '-']]
(4, 10, 11, 12)	[[10.0, 11.0, '+'], [12.0, 4.0, '/'], [21.0, 3.0, '+']]
(4, 10, 11, 13)	[[11.0, 13.0, '-'], [10.0, -2.0, '*'], [4.0, -20.0, '-']]
(4, 10, 12, 12)	[[4.0, 10.0, '+'], [14.0, 12.0, '-'], [12.0, 2.0, '*']]
(4, 10, 12, 13)	[[4.0, 12.0, '-'], [10.0, 13.0, '-'], [-8.0, -3.0, '*']]
(4, 11, 12, 13)	[[4.0, 11.0, '+'], [15.0, 13.0, '-'], [12.0, 2.0, '*']]
(4, 12, 12, 12)	[[4.0, 12.0, '*'], [12.0, 12.0, '+'], [48.0, 24.0, '-']]
(5, 5, 5, 5)	[[5.0, 5.0, '*'], [5.0, 5.0, '/'], [25.0, 1.0, '-']]
(5, 5, 5, 6)	[[5.0, 5.0, '*'], [5.0, 6.0, '-'], [25.0, -1.0, '+']]
(5, 5, 5, 9)	[[5.0, 5.0, '+'], [5.0, 9.0, '+'], [10.0, 14.0, '+']]
(5, 5, 5, 12)	[[5.0, 5.0, '+'], [5.0, 12.0, '/'], [10.0, 0.4166666666666667, '/']]
(5, 5, 6, 6)	[[5.0, 5.0, '+'], [10.0, 6.0, '-'], [6.0, 4.0, '*']]
(5, 5, 6, 7)	[[5.0, 5.0, '*'], [6.0, 7.0, '-'], [25.0, -1.0, '+']]
(5, 5, 6, 8)	[[5.0, 5.0, '+'], [6.0, 8.0, '+'], [10.0, 14.0, '+']]
(5, 5, 6, 11)	[[5.0, 6.0, '*'], [5.0, 11.0, '-'], [30.0, -6.0, '+']]
(5, 5, 7, 7)	[[5.0, 5.0, '+'], [7.0, 7.0, '+'], [10.0, 14.0, '+']]
(5, 5, 7, 8)	[[5.0, 5.0, '+'], [10.0, 7.0, '-'], [8.0, 3.0, '*']]
(5, 5, 7, 10)	[[5.0, 7.0, '+'], [5.0, 10.0, '/'], [12.0, 0.5, '/']]
(5, 5, 7, 11)	[[11.0, 5.0, '/'], [7.0, 2.2, '-'], [5.0, 4.8, '*']]
(5, 5, 8, 8)	[[5.0, 5.0, '*'], [8.0, 8.0, '/'], [25.0, 1.0, '-']]
(5, 5, 8, 9)	[[5.0, 5.0, '*'], [8.0, 9.0, '-'], [25.0, -1.0, '+']]
(5, 5, 8, 10)	[[5.0, 8.0, '/'], [5.0, 10.0, '+'], [15.0, 0.625, '/']]
(5, 5, 8, 11)	[[5.0, 8.0, '*'], [5.0, 11.0, '+'], [40.0, 16.0, '-']]
(5, 5, 8, 12)	[[5.0, 5.0, '+'], [10.0, 8.0, '-'], [12.0, 2.0, '*']]
(5, 5, 8, 13)	[[5.0, 5.0, '+'], [13.0, 10.0, '-'], [8.0, 3.0, '*']]
(5, 5, 9, 9)	[[5.0, 5.0, '*'], [9.0, 9.0, '/'], [25.0, 1.0, '-']]
(5, 5, 9, 10)	[[5.0, 5.0, '*'], [9.0, 10.0, '-'], [25.0, -1.0, '+']]
(5, 5, 9, 11)	[[5.0, 9.0, '-'], [5.0, 11.0, '-'], [-4.0, -6.0, '*']]
(5, 5, 10, 10)	[[5.0, 5.0, '*'], [10.0, 10.0, '/'], [25.0, 1.0, '-']]
(5, 5, 10, 11)	[[5.0, 5.0, '*'], [10.0, 11.0, '-'], [25.0, -1.0, '+']]
(5, 5, 10, 13)	[[5.0, 5.0, '/'], [10.0, 13.0, '+'], [1.0, 23.0, '+']]
(5, 5, 11, 11)	[[5.0, 5.0, '*'], [11.0, 11.0, '/'], [25.0, 1.0, '-']]
(5, 5, 11, 12)	[[5.0, 5.0, '*'], [11.0, 12.0, '-'], [25.0, -1.0, '+']]
(5, 5, 11, 13)	[[5.0, 5.0, '-'], [11.0, 13.0, '+'], [0.0, 24.0, '+']]
(5, 5, 12, 12)	[[5.0, 5.0, '+'], [12.0, 10.0, '-'], [12.0, 2.0, '*']]
(5, 5, 12, 13)	[[5.0, 5.0, '*'], [12.0, 13.0, '-'], [25.0, -1.0, '+']]
(5, 5, 13, 13)	[[5.0, 5.0, '*'], [13.0, 13.0, '/'], [25.0, 1.0, '-']]
(5, 6, 6, 6)	[[6.0, 6.0, '/'], [5.0, 1.0, '-'], [6.0, 4.0, '*']]
(5, 6, 6, 7)	[[5.0, 6.0, '+'], [6.0, 7.0, '+'], [11.0, 13.0, '+']]
(5, 6, 6, 8)	[[5.0, 8.0, '-'], [6.0, -3.0, '*'], [6.0, -18.0, '-']]
(5, 6, 6, 9)	[[5.0, 6.0, '*'], [6.0, 9.0, '*'], [54.0, 30.0, '-']]
(5, 6, 6, 10)	[[5.0, 10.0, '/'], [6.0, 6.0, '+'], [12.0, 0.5, '/']]
(5, 6, 6, 12)	[[5.0, 6.0, '*'], [6.0, 12.0, '-'], [30.0, -6.0, '+']]
(5, 6, 7, 7)	[[7.0, 7.0, '/'], [5.0, 1.0, '-'], [6.0, 4.0, '*']]
(5, 6, 7, 8)	[[5.0, 7.0, '+'], [8.0, 6.0, '-'], [12.0, 2.0, '*']]
(5, 6, 7, 9)	[[5.0, 7.0, '-'], [9.0, -2.0, '*'], [6.0, -18.0, '-']]
(5, 6, 7, 12)	[[5.0, 7.0, '+'], [6.0, 12.0, '/'], [12.0, 0.5, '/']]
(5, 6, 7, 13)	[[5.0, 6.0, '*'], [7.0, 13.0, '-'], [30.0, -6.0, '+']]
(5, 6, 8, 8)	[[5.0, 6.0, '+'], [11.0, 8.0, '-'], [8.0, 3.0, '*']]
(5, 6, 8, 9)	[[5.0, 8.0, '+'], [13.0, 9.0, '-'], [6.0, 4.0, '*']]
(5, 6, 8, 10)	[[5.0, 6.0, '*'], [8.0, 10.0, '/'], [30.0, 0.8, '*']]
(5, 6, 8, 12)	[[5.0, 6.0, '/'], [8.0, 12.0, '+'], [20.0, 0.8333333333333334, '/']]
(5, 6, 8, 13)	[[5.0, 13.0, '+'], [6.0, 8.0, '/'], [18.0, 0.75, '/']]
(5, 6, 9, 9)	[[6.0, 9.0, '-'], [5.0, -3.0, '*'], [9.0, -15.0, '-']]
(5, 6, 9, 10)	[[5.0, 9.0, '+'], [14.0, 10.0, '-'], [6.0, 4.0, '*']]
(5, 6, 9, 11)	[[5.0, 6.0, '/'], [9.0, 11.0, '+'], [20.0, 0.8333333333333334, '/']]
(5, 6, 9, 12)	[[5.0, 6.0, '+'], [11.0, 9.0, '-'], [12.0, 2.0, '*']]
(5, 6, 9, 13)	[[5.0, 13.0, '-'], [6.0, 9.0, '-'], [-8.0, -3.0, '*']]
(5, 6, 10, 10)	[[5.0, 6.0, '/'], [10.0, 10.0, '+'], [20.0, 0.8333333333333334, '/']]
(5, 6, 10, 11)	[[5.0, 10.0, '+'], [15.0, 11.0, '-'], [6.0, 4.0, '*']]
(5, 6, 10, 12)	[[5.0, 6.0, '/'], [10.0, 0.8333333333333334, '/'], [12.0, 12.0, '+']]
(5, 6, 10, 13)	[[5.0, 6.0, '-'], [10.0, 13.0, '+'], [23.0, -1.0, '-']]
(5, 6, 11, 11)	[[11.0, 11.0, '/'], [5.0, 1.0, '-'], [6.0, 4.0, '*']]
(5, 6, 11, 12)	[[5.0, 6.0, '-'], [11.0, 12.0, '+'], [23.0, -1.0, '-']]
(5, 6, 11, 13)	[[5.0, 6.0, '-'], [11.0, -1.0, '*'], [13.0, -11.0, '-']]
(5, 6, 12, 12)	[[5.0, 6.0, '-'], [12.0, -1.0, '*'], [12.0, -12.0, '-']]
(5, 6, 12, 13)	[[5.0, 6.0, '+'], [13.0, 11.0, '-'], [12.0, 2.0, '*']]
(5, 6, 13, 13)	[[13.0, 13.0, '/'], [5.0, 1.0, '-'], [6.0, 4.0, '*']]
(5, 7, 7, 9)	[[5.0, 7.0, '+'], [9.0, 7.0, '-'], [12.0, 2.0, '*']]
(5, 7, 7, 10)	[[5.0, 7.0, '-'], [7.0, -2.0, '*'], [10.0, -14.0, '-']]
(5, 7, 7, 11)	[[11.0, 7.0, '/'], [5.0, 1.5714285714285714, '-'], [7.0, 3.428571428571429, '*']]
(5, 7, 8, 8)	[[5.0, 7.0, '-'], [8.0, -2.0, '*'], [8.0, -16.0, '-']]
(5, 7, 8, 9)	[[5.0, 7.0, '+'], [12.0, 9.0, '-'], [8.0, 3.0, '*']]
(5, 7, 8, 10)	[[5.0, 7.0, '+'], [10.0, 8.0, '-'], [12.0, 2.0, '*']]
(5, 7, 9, 10)	[[7.0, 10.0, '-'], [5.0, -3.0, '*'], [9.0, -15.0, '-']]
(5, 7, 9, 11)	[[5.0, 7.0, '+'], [11.0, 9.0, '-'], [12.0, 2.0, '*']]
(5, 7, 9, 12)	[[5.0, 9.0, '+'], [7.0, 12.0, '/'], [14.0, 0.5833333333333334, '/']]
(5, 7, 9, 13)	[[5.0, 7.0, '-'], [9.0, 13.0, '+'], [22.0, -2.0, '-']]
(5, 7, 10, 10)	[[5.0, 7.0, '/'], [10.0, 0.7142857142857143, '/'], [10.0, 14.0, '+']]
(5, 7, 10, 11)	[[10.0, 5.0, '-'], [7.0, 5.0, '*'], [35.0, 11.0, '-']]
(5, 7, 10, 12)	[[5.0, 7.0, '+'], [12.0, 10.0, '-'], [12.0, 2.0, '*']]
(5, 7, 10, 13)	[[5.0, 13.0, '-'], [7.0, 10.0, '-'], [-8.0, -3.0, '*']]
(5, 7, 11, 11)	[[5.0, 7.0, '-'], [11.0, 11.0, '+'], [22.0, -2.0, '-']]
(5, 7, 11, 13)	[[5.0, 7.0, '+'], [13.0, 11.0, '-'], [12.0, 2.0, '*']]
(5, 7, 12, 12)	[[5.0, 12.0, '*'], [7.0, 12.0, '*'], [84.0, 60.0, '-']]
(5, 7, 13, 13)	[[5.0, 7.0, '-'], [13.0, 13.0, '+'], [-2.0, 26.0, '+']]
(5, 8, 8, 8)	[[5.0, 8.0, '*'], [8.0, 8.0, '+'], [40.0, 16.0, '-']]
(5, 8, 8, 9)	[[8.0, 5.0, '-'], [8.0, 9.0, '*'], [72.0, 3.0, '/']]
(5, 8, 8, 10)	[[5.0, 8.0, '+'], [13.0, 10.0, '-'], [8.0, 3.0, '*']]
(5, 8, 8, 13)	[[5.0, 8.0, '-'], [8.0, 13.0, '+'], [21.0, -3.0, '-']]
(5, 8, 9, 11)	[[5.0, 9.0, '+'], [14.0, 11.0, '-'], [8.0, 3.0, '*']]
(5, 8, 9, 12)	[[5.0, 8.0, '-'], [9.0, 12.0, '+'], [21.0, -3.0, '-']]
(5, 8, 9, 13)	[[5.0, 9.0, '*'], [8.0, 13.0, '+'], [45.0, 21.0, '-']]
(5, 8, 10, 11)	[[5.0, 8.0, '-'], [10.0, 11.0, '+'], [21.0, -3.0, '-']]
(5, 8, 10, 12)	[[5.0, 10.0, '+'], [15.0, 12.0, '-'], [8.0, 3.0, '*']]
(5, 8, 11, 12)	[[5.0, 8.0, '+'], [13.0, 11.0, '-'], [12.0, 2.0, '*']]
(5, 8, 11, 13)	[[5.0, 11.0, '+'], [16.0, 13.0, '-'], [8.0, 3.0, '*']]
(5, 8, 12, 12)	[[8.0, 5.0, '-'], [12.0, 3.0, '*'], [36.0, 12.0, '-']]
(5, 9, 9, 11)	[[5.0, 9.0, '-'], [9.0, 11.0, '+'], [20.0, -4.0, '-']]
(5, 9, 9, 12)	[[5.0, 9.0, '*'], [9.0, 12.0, '+'], [45.0, 21.0, '-']]
(5, 9, 10, 10)	[[5.0, 9.0, '-'], [10.0, 10.0, '+'], [20.0, -4.0, '-']]
(5, 9, 10, 11)	[[5.0, 9.0, '*'], [10.0, 11.0, '+'], [45.0, 21.0, '-']]
(5, 9, 10, 13)	[[9.0, 13.0, '+'], [10.0, 5.0, '/'], [22.0, 2.0, '+']]
(5, 9, 11, 13)	[[5.0, 11.0, '-'], [9.0, 13.0, '-'], [-6.0, -4.0, '*']]
(5, 9, 12, 12)	[[5.0, 9.0, '+'], [14.0, 12.0, '-'], [12.0, 2.0, '*']]
(5, 9, 12, 13)	[[5.0, 13.0, '+'], [9.0, 12.0, '/'], [18.0, 0.75, '/']]
(5, 10, 10, 11)	[[10.0, 11.0, '*'], [10.0, 110.0, '+'], [120.0, 5.0, '/']]
(5, 10, 10, 12)	[[10.0, 5.0, '-'], [10.0, 12.0, '*'], [120.0, 5.0, '/']]
(5, 10, 10, 13)	[[10.0, 13.0, '*'], [130.0, 10.0, '-'], [120.0, 5.0, '/']]
(5, 10, 11, 11)	[[10.0, 5.0, '/'], [11.0, 11.0, '+'], [2.0, 22.0, '+']]
(5, 10, 12, 13)	[[5.0, 10.0, '+'], [15.0, 13.0, '-'], [12.0, 2.0, '*']]
(5, 10, 13, 13)	[[5.0, 10.0, '*'], [13.0, 13.0, '+'], [50.0, 26.0, '-']]
(5, 11, 12, 12)	[[11.0, 5.0, '-'], [12.0, 12.0, '*'], [144.0, 6.0, '/']]
(6, 6, 6, 6)	[[6.0, 6.0, '+'], [6.0, 6.0, '+'], [12.0, 12.0, '+']]
(6, 6, 6, 8)	[[6.0, 6.0, '+'], [8.0, 6.0, '-'], [12.0, 2.0, '*']]
(6, 6, 6, 9)	[[6.0, 6.0, '*'], [6.0, 9.0, '/'], [36.0, 0.6666666666666666, '*']]
(6, 6, 6, 10)	[[6.0, 6.0, '*'], [6.0, 10.0, '*'], [60.0, 36.0, '-']]
(6, 6, 6, 11)	[[11.0, 6.0, '-'], [6.0, 5.0, '*'], [30.0, 6.0, '-']]
(6, 6, 6, 12)	[[6.0, 6.0, '+'], [6.0, 12.0, '/'], [12.0, 0.5, '/']]
(6, 6, 7, 9)	[[6.0, 6.0, '+'], [9.0, 7.0, '-'], [12.0, 2.0, '*']]
(6, 6, 7, 10)	[[7.0, 10.0, '-'], [6.0, -3.0, '*'], [6.0, -18.0, '-']]
(6, 6, 7, 11)	[[6.0, 7.0, '*'], [6.0, 11.0, '*'], [66.0, 42.0, '-']]
(6, 6, 7, 12)	[[6.0, 7.0, '*'], [6.0, 12.0, '+'], [42.0, 18.0, '-']]
(6, 6, 8, 8)	[[6.0, 8.0, '*'], [8.0, 6.0, '-'], [48.0, 2.0, '/']]
(6, 6, 8, 9)	[[6.0, 6.0, '+'], [12.0, 9.0, '-'], [8.0, 3.0, '*']]
(6, 6, 8, 10)	[[6.0, 6.0, '+'], [10.0, 8.0, '-'], [12.0, 2.0, '*']]
(6, 6, 8, 11)	[[8.0, 11.0, '-'], [6.0, -3.0, '*'], [6.0, -18.0, '-']]
(6, 6, 8, 12)	[[6.0, 6.0, '*'], [8.0, 12.0, '/'], [36.0, 0.6666666666666666, '*']]
(6, 6, 8, 13)	[[13.0, 8.0, '-'], [6.0, 5.0, '*'], [30.0, 6.0, '-']]
(6, 6, 9, 10)	[[6.0, 9.0, '/'], [6.0, 10.0, '+'], [16.0, 0.6666666666666666, '/']]
(6, 6, 9, 11)	[[6.0, 6.0, '+'], [11.0, 9.0, '-'], [12.0, 2.0, '*']]
(6, 6, 9, 12)	[[6.0, 9.0, '/'], [12.0, 0.6666666666666666, '/'], [6.0, 18.0, '+']]
(6, 6, 9, 13)	[[6.0, 9.0, '*'], [6.0, 13.0, '*'], [78.0, 54.0, '-']]
(6, 6, 10, 12)	[[6.0, 6.0, '+'], [12.0, 10.0, '-'], [12.0, 2.0, '*']]
(6, 6, 10, 13)	[[6.0, 6.0, '/'], [10.0, 13.0, '+'], [1.0, 23.0, '+']]
(6, 6, 11, 12)	[[6.0, 6.0, '/'], [11.0, 12.0, '+'], [1.0, 23.0, '+']]
(6, 6, 11, 13)	[[6.0, 6.0, '+'], [13.0, 11.0, '-'], [12.0, 2.0, '*']]
(6, 6, 12, 12)	[[6.0, 6.0, '-'], [12.0, 12.0, '+'], [0.0, 24.0, '+']]
(6, 6, 12, 13)	[[6.0, 6.0, '/'], [12.0, 13.0, '+'], [25.0, 1.0, '-']]
(6, 7, 7, 10)	[[7.0, 7.0, '+'], [14.0, 10.0, '-'], [6.0, 4.0, '*']]
(6, 7, 7, 11)	[[6.0, 7.0, '*'], [7.0, 11.0, '+'], [42.0, 18.0, '-']]
(6, 7, 8, 9)	[[6.0, 8.0, '*'], [9.0, 7.0, '-'], [48.0, 2.0, '/']]
(6, 7, 8, 10)	[[6.0, 7.0, '+'], [13.0, 10.0, '-'], [8.0, 3.0, '*']]
(6, 7, 8, 11)	[[6.0, 8.0, '/'], [7.0, 11.0, '+'], [18.0, 0.75, '/']]
(6, 7, 8, 12)	[[6.0, 8.0, '+'], [7.0, 12.0, '/'], [14.0, 0.5833333333333334, '/']]
(6, 7, 9, 9)	[[6.0, 7.0, '*'], [9.0, 9.0, '+'], [42.0, 18.0, '-']]
(6, 7, 9, 12)	[[7.0, 9.0, '+'], [16.0, 12.0, '-'], [6.0, 4.0, '*']]
(6, 7, 10, 10)	[[10.0, 7.0, '-'], [10.0, 3.0, '*'], [30.0, 6.0, '-']]
(6, 7, 10, 12)	[[6.0, 7.0, '/'], [12.0, 0.8571428571428571, '/'], [10.0, 14.0, '+']]
(6, 7, 10, 13)	[[6.0, 7.0, '-'], [10.0, 13.0, '+'], [23.0, -1.0, '-']]
(6, 7, 11, 11)	[[11.0, 6.0, '-'], [7.0, 5.0, '*'], [35.0, 11.0, '-']]
(6, 7, 11, 12)	[[6.0, 7.0, '+'], [13.0, 11.0, '-'], [12.0, 2.0, '*']]
(6, 7, 11, 13)	[[6.0, 7.0, '-'], [11.0, -1.0, '*'], [13.0, -11.0, '-']]
(6, 7, 12, 12)	[[6.0, 7.0, '-'], [12.0, -1.0, '*'], [12.0, -12.0, '-']]
(6, 7, 12, 13)	[[6.0, 7.0, '-'], [12.0, 13.0, '+'], [-1.0, 25.0, '+']]
(6, 8, 8, 8)	[[6.0, 8.0, '-'], [8.0, -2.0, '*'], [8.0, -16.0, '-']]
(6, 8, 8, 9)	[[6.0, 8.0, '*'], [8.0, 9.0, '*'], [72.0, 48.0, '-']]
(6, 8, 8, 10)	[[6.0, 8.0, '*'], [10.0, 8.0, '-'], [48.0, 2.0, '/']]
(6, 8, 8, 11)	[[6.0, 8.0, '+'], [14.0, 11.0, '-'], [8.0, 3.0, '*']]
(6, 8, 8, 12)	[[6.0, 8.0, '/'], [12.0, 0.75, '/'], [8.0, 16.0, '+']]
(6, 8, 9, 9)	[[6.0, 8.0, '/'], [9.0, 9.0, '+'], [18.0, 0.75, '/']]
(6, 8, 9, 10)	[[8.0, 10.0, '-'], [9.0, -2.0, '*'], [6.0, -18.0, '-']]
(6, 8, 9, 11)	[[6.0, 8.0, '*'], [11.0, 9.0, '-'], [48.0, 2.0, '/']]
(6, 8, 9, 12)	[[6.0, 8.0, '/'], [9.0, 0.75, '/'], [12.0, 12.0, '+']]
(6, 8, 9, 13)	[[6.0, 8.0, '-'], [9.0, 13.0, '+'], [22.0, -2.0, '-']]
(6, 8, 10, 11)	[[11.0, 8.0, '-'], [10.0, 3.0, '*'], [30.0, 6.0, '-']]
(6, 8, 10, 12)	[[6.0, 8.0, '-'], [10.0, 12.0, '+'], [22.0, -2.0, '-']]
(6, 8, 10, 13)	[[6.0, 10.0, '+'], [16.0, 13.0, '-'], [8.0, 3.0, '*']]
(6, 8, 11, 11)	[[6.0, 8.0, '-'], [11.0, 11.0, '+'], [22.0, -2.0, '-']]
(6, 8, 11, 12)	[[6.0, 12.0, '*'], [11.0, 8.0, '-'], [72.0, 3.0, '/']]
(6, 8, 11, 13)	[[6.0, 8.0, '*'], [11.0, 13.0, '+'], [48.0, 24.0, '-']]
(6, 8, 12, 12)	[[6.0, 8.0, '+'], [14.0, 12.0, '-'], [12.0, 2.0, '*']]
(6, 8, 13, 13)	[[6.0, 8.0, '-'], [13.0, 13.0, '+'], [-2.0, 26.0, '+']]
(6, 9, 9, 10)	[[6.0, 9.0, '/'], [10.0, 0.6666666666666666, '/'], [9.0, 15.0, '+']]
(6, 9, 9, 11)	[[9.0, 6.0, '-'], [11.0, 3.0, '*'], [33.0, 9.0, '-']]
(6, 9, 9, 12)	[[6.0, 9.0, '-'], [9.0, 12.0, '+'], [21.0, -3.0, '-']]
(6, 9, 10, 11)	[[6.0, 9.0, '-'], [10.0, 11.0, '+'], [21.0, -3.0, '-']]
(6, 9, 10, 12)	[[10.0, 6.0, '-'], [9.0, 4.0, '*'], [36.0, 12.0, '-']]
(6, 9, 11, 12)	[[9.0, 11.0, '-'], [6.0, -2.0, '*'], [12.0, -12.0, '-']]
(6, 9, 11, 13)	[[11.0, 13.0, '-'], [9.0, -2.0, '*'], [6.0, -18.0, '-']]
(6, 9, 12, 12)	[[6.0, 12.0, '+'], [9.0, 12.0, '/'], [18.0, 0.75, '/']]
(6, 9, 12, 13)	[[6.0, 9.0, '+'], [15.0, 13.0, '-'], [12.0, 2.0, '*']]
(6, 10, 10, 10)	[[6.0, 10.0, '-'], [10.0, 10.0, '+'], [20.0, -4.0, '-']]
(6, 10, 10, 13)	[[13.0, 10.0, '-'], [10.0, 3.0, '*'], [30.0, 6.0, '-']]
(6, 10, 11, 12)	[[10.0, 12.0, '*'], [11.0, 6.0, '-'], [120.0, 5.0, '/']]
(6, 10, 12, 12)	[[10.0, 12.0, '+'], [12.0, 6.0, '/'], [22.0, 2.0, '+']]
(6, 10, 12, 13)	[[6.0, 12.0, '*'], [13.0, 10.0, '-'], [72.0, 3.0, '/']]
(6, 11, 11, 12)	[[11.0, 11.0, '+'], [12.0, 6.0, '/'], [22.0, 2.0, '+']]
(6, 11, 12, 12)	[[11.0, 12.0, '*'], [12.0, 132.0, '+'], [144.0, 6.0, '/']]
(6, 11, 12, 13)	[[11.0, 13.0, '-'], [6.0, -2.0, '*'], [12.0, -12.0, '-']]
(6, 12, 12, 12)	[[12.0, 6.0, '-'], [12.0, 12.0, '*'], [144.0, 6.0, '/']]
(6, 12, 12, 13)	[[12.0, 13.0, '*'], [156.0, 12.0, '-'], [144.0, 6.0, '/']]
(6, 12, 13, 13)	[[12.0, 6.0, '/'], [13.0, 13.0, '+'], [26.0, 2.0, '-']]
(7, 7, 7, 12)	[[7.0, 7.0, '+'], [7.0, 12.0, '/'], [14.0, 0.5833333333333334, '/']]
(7, 7, 8, 11)	[[7.0, 7.0, '+'], [14.0, 11.0, '-'], [8.0, 3.0, '*']]
(7, 7, 9, 10)	[[7.0, 9.0, '-'], [7.0, -2.0, '*'], [10.0, -14.0, '-']]
(7, 7, 10, 13)	[[7.0, 7.0, '/'], [10.0, 13.0, '+'], [1.0, 23.0, '+']]
(7, 7, 11, 12)	[[7.0, 7.0, '/'], [11.0, 12.0, '+'], [1.0, 23.0, '+']]
(7, 7, 11, 13)	[[7.0, 7.0, '-'], [11.0, 13.0, '+'], [0.0, 24.0, '+']]
(7, 7, 12, 12)	[[7.0, 7.0, '+'], [14.0, 12.0, '-'], [12.0, 2.0, '*']]
(7, 7, 12, 13)	[[7.0, 7.0, '*'], [12.0, 13.0, '+'], [49.0, 25.0, '-']]
(7, 8, 8, 9)	[[7.0, 9.0, '-'], [8.0, -2.0, '*'], [8.0, -16.0, '-']]
(7, 8, 8, 10)	[[7.0, 8.0, '*'], [8.0, 10.0, '*'], [80.0, 56.0, '-']]
(7, 8, 8, 11)	[[11.0, 7.0, '-'], [8.0, 4.0, '*'], [32.0, 8.0, '-']]
(7, 8, 8, 12)	[[7.0, 8.0, '+'], [15.0, 12.0, '-'], [8.0, 3.0, '*']]
(7, 8, 8, 13)	[[7.0, 8.0, '/'], [8.0, 13.0, '+'], [21.0, 0.875, '/']]
(7, 8, 9, 10)	[[8.0, 9.0, '*'], [10.0, 7.0, '-'], [72.0, 3.0, '/']]
(7, 8, 9, 12)	[[7.0, 8.0, '/'], [9.0, 12.0, '+'], [21.0, 0.875, '/']]
(7, 8, 9, 13)	[[7.0, 9.0, '+'], [16.0, 13.0, '-'], [8.0, 3.0, '*']]
(7, 8, 10, 10)	[[8.0, 10.0, '-'], [7.0, -2.0, '*'], [10.0, -14.0, '-']]
(7, 8, 10, 11)	[[7.0, 8.0, '/'], [10.0, 11.0, '+'], [21.0, 0.875, '/']]
(7, 8, 10, 13)	[[7.0, 8.0, '-'], [10.0, 13.0, '+'], [23.0, -1.0, '-']]
(7, 8, 11, 12)	[[7.0, 8.0, '-'], [11.0, 12.0, '+'], [23.0, -1.0, '-']]
(7, 8, 11, 13)	[[7.0, 8.0, '-'], [11.0, -1.0, '*'], [13.0, -11.0, '-']]
(7, 8, 12, 12)	[[7.0, 8.0, '-'], [12.0, -1.0, '*'], [12.0, -12.0, '-']]
(7, 8, 12, 13)	[[7.0, 8.0, '+'], [15.0, 13.0, '-'], [12.0, 2.0, '*']]
(7, 9, 9, 13)	[[7.0, 9.0, '-'], [9.0, 13.0, '+'], [22.0, -2.0, '-']]
(7, 9, 10, 11)	[[9.0, 11.0, '-'], [7.0, -2.0, '*'], [10.0, -14.0, '-']]
(7, 9, 10, 12)	[[7.0, 9.0, '-'], [10.0, 12.0, '+'], [22.0, -2.0, '-']]
(7, 9, 11, 11)	[[7.0, 9.0, '-'], [11.0, 11.0, '+'], [22.0, -2.0, '-']]
(7, 9, 11, 12)	[[7.0, 11.0, '+'], [9.0, 12.0, '/'], [18.0, 0.75, '/']]
(7, 9, 12, 12)	[[7.0, 12.0, '*'], [9.0, 12.0, '*'], [108.0, 84.0, '-']]
(7, 9, 13, 13)	[[7.0, 9.0, '-'], [13.0, 13.0, '+'], [-2.0, 26.0, '+']]
(7, 10, 10, 11)	[[7.0, 10.0, '-'], [10.0, 11.0, '+'], [21.0, -3.0, '-']]
(7, 10, 10, 12)	[[10.0, 12.0, '-'], [7.0, -2.0, '*'], [10.0, -14.0, '-']]
(7, 10, 11, 13)	[[11.0, 13.0, '-'], [7.0, -2.0, '*'], [10.0, -14.0, '-']]
(7, 10, 12, 12)	[[10.0, 7.0, '-'], [12.0, 3.0, '*'], [36.0, 12.0, '-']]
(7, 10, 12, 13)	[[7.0, 13.0, '+'], [10.0, 12.0, '/'], [20.0, 0.8333333333333334, '/']]
(7, 12, 12, 13)	[[12.0, 12.0, '*'], [13.0, 7.0, '-'], [144.0, 6.0, '/']]
(8, 8, 8, 10)	[[8.0, 10.0, '-'], [8.0, -2.0, '*'], [8.0, -16.0, '-']]
(8, 8, 8, 11)	[[8.0, 8.0, '*'], [8.0, 11.0, '*'], [88.0, 64.0, '-']]
(8, 8, 8, 12)	[[8.0, 8.0, '+'], [8.0, 12.0, '/'], [16.0, 0.6666666666666666, '/']]
(8, 8, 8, 13)	[[8.0, 8.0, '+'], [16.0, 13.0, '-'], [8.0, 3.0, '*']]
(8, 8, 9, 11)	[[8.0, 9.0, '*'], [11.0, 8.0, '-'], [72.0, 3.0, '/']]
(8, 8, 9, 12)	[[8.0, 9.0, '*'], [8.0, 12.0, '*'], [96.0, 72.0, '-']]
(8, 8, 9, 13)	[[13.0, 9.0, '-'], [8.0, 4.0, '*'], [32.0, 8.0, '-']]
(8, 8, 10, 12)	[[10.0, 12.0, '-'], [8.0, -2.0, '*'], [8.0, -16.0, '-']]
(8, 8, 10, 13)	[[8.0, 8.0, '/'], [10.0, 13.0, '+'], [1.0, 23.0, '+']]
(8, 8, 11, 12)	[[8.0, 8.0, '/'], [11.0, 12.0, '+'], [1.0, 23.0, '+']]
(8, 8, 11, 13)	[[8.0, 8.0, '-'], [11.0, 13.0, '+'], [0.0, 24.0, '+']]
(8, 8, 12, 12)	[[8.0, 8.0, '-'], [12.0, 12.0, '+'], [0.0, 24.0, '+']]
(8, 8, 12, 13)	[[8.0, 8.0, '/'], [12.0, 13.0, '+'], [25.0, 1.0, '-']]
(8, 9, 9, 12)	[[8.0, 9.0, '*'], [12.0, 9.0, '-'], [72.0, 3.0, '/']]
(8, 9, 10, 12)	[[8.0, 10.0, '+'], [9.0, 12.0, '/'], [18.0, 0.75, '/']]
(8, 9, 10, 13)	[[8.0, 9.0, '-'], [10.0, 13.0, '+'], [23.0, -1.0, '-']]
(8, 9, 11, 11)	[[11.0, 8.0, '-'], [11.0, 3.0, '*'], [33.0, 9.0, '-']]
(8, 9, 11, 12)	[[8.0, 9.0, '-'], [11.0, 12.0, '+'], [23.0, -1.0, '-']]
(8, 9, 11, 13)	[[8.0, 9.0, '-'], [11.0, -1.0, '*'], [13.0, -11.0, '-']]
(8, 9, 12, 12)	[[8.0, 9.0, '-'], [12.0, -1.0, '*'], [12.0, -12.0, '-']]
(8, 9, 12, 13)	[[8.0, 9.0, '-'], [12.0, 13.0, '+'], [-1.0, 25.0, '+']]
(8, 10, 10, 12)	[[8.0, 10.0, '-'], [10.0, 12.0, '+'], [22.0, -2.0, '-']]
(8, 10, 11, 11)	[[8.0, 10.0, '-'], [11.0, 11.0, '+'], [22.0, -2.0, '-']]
(8, 10, 12, 12)	[[8.0, 12.0, '+'], [10.0, 12.0, '/'], [20.0, 0.8333333333333334, '/']]
(8, 10, 12, 13)	[[10.0, 12.0, '*'], [13.0, 8.0, '-'], [120.0, 5.0, '/']]
(8, 10, 13, 13)	[[8.0, 10.0, '-'], [13.0, 13.0, '+'], [-2.0, 26.0, '+']]
(8, 11, 12, 12)	[[11.0, 8.0, '-'], [12.0, 3.0, '*'], [36.0, 12.0, '-']]
(9, 9, 9, 12)	[[9.0, 9.0, '+'], [9.0, 12.0, '/'], [18.0, 0.75, '/']]
(9, 9, 10, 13)	[[9.0, 9.0, '/'], [10.0, 13.0, '+'], [1.0, 23.0, '+']]
(9, 9, 11, 12)	[[9.0, 9.0, '/'], [11.0, 12.0, '+'], [1.0, 23.0, '+']]
(9, 9, 11, 13)	[[9.0, 9.0, '-'], [11.0, 13.0, '+'], [0.0, 24.0, '+']]
(9, 9, 12, 12)	[[9.0, 9.0, '-'], [12.0, 12.0, '+'], [0.0, 24.0, '+']]
(9, 9, 12, 13)	[[9.0, 9.0, '/'], [12.0, 13.0, '+'], [25.0, 1.0, '-']]
(9, 10, 10, 13)	[[9.0, 10.0, '-'], [10.0, 13.0, '+'], [23.0, -1.0, '-']]
(9, 10, 11, 12)	[[9.0, 10.0, '-'], [11.0, 12.0, '+'], [23.0, -1.0, '-']]
(9, 10, 11, 13)	[[9.0, 10.0, '-'], [11.0, -1.0, '*'], [13.0, -11.0, '-']]
(9, 10, 12, 12)	[[9.0, 10.0, '-'], [12.0, -1.0, '*'], [12.0, -12.0, '-']]
(9, 10, 12, 13)	[[9.0, 10.0, '-'], [12.0, 13.0, '+'], [-1.0, 25.0, '+']]
(9, 11, 11, 11)	[[9.0, 11.0, '-'], [11.0, 11.0, '+'], [22.0, -2.0, '-']]
(9, 11, 12, 12)	[[9.0, 12.0, '*'], [11.0, 12.0, '*'], [132.0, 108.0, '-']]
(9, 11, 12, 13)	[[9.0, 13.0, '+'], [11.0, 12.0, '/'], [22.0, 0.9166666666666666, '/']]
(9, 11, 13, 13)	[[9.0, 11.0, '-'], [13.0, 13.0, '+'], [-2.0, 26.0, '+']]
(9, 12, 12, 12)	[[12.0, 9.0, '-'], [12.0, 3.0, '*'], [36.0, 12.0, '-']]
(10, 10, 10, 12)	[[10.0, 10.0, '+'], [10.0, 12.0, '/'], [20.0, 0.8333333333333334, '/']]
(10, 10, 10, 13)	[[10.0, 10.0, '/'], [10.0, 13.0, '+'], [1.0, 23.0, '+']]
(10, 10, 11, 12)	[[10.0, 10.0, '/'], [11.0, 12.0, '+'], [1.0, 23.0, '+']]
(10, 10, 11, 13)	[[10.0, 10.0, '-'], [11.0, 13.0, '+'], [0.0, 24.0, '+']]
(10, 10, 12, 12)	[[10.0, 10.0, '-'], [12.0, 12.0, '+'], [0.0, 24.0, '+']]
(10, 10, 12, 13)	[[10.0, 10.0, '/'], [12.0, 13.0, '+'], [25.0, 1.0, '-']]
(10, 11, 11, 12)	[[10.0, 11.0, '-'], [11.0, 12.0, '+'], [23.0, -1.0, '-']]
(10, 11, 11, 13)	[[10.0, 11.0, '-'], [11.0, -1.0, '*'], [13.0, -11.0, '-']]
(10, 11, 12, 12)	[[10.0, 11.0, '-'], [12.0, -1.0, '*'], [12.0, -12.0, '-']]
(10, 11, 12, 13)	[[10.0, 11.0, '-'], [12.0, 13.0, '+'], [-1.0, 25.0, '+']]
(10, 12, 12, 12)	[[10.0, 12.0, '*'], [12.0, 12.0, '*'], [144.0, 120.0, '-']]
(10, 12, 12, 13)	[[10.0, 13.0, '+'], [12.0, 12.0, '/'], [23.0, 1.0, '+']]
(10, 12, 13, 13)	[[10.0, 12.0, '-'], [13.0, 13.0, '+'], [-2.0, 26.0, '+']]
(10, 13, 13, 13)	[[10.0, 13.0, '+'], [13.0, 13.0, '/'], [23.0, 1.0, '+']]
(11, 11, 11, 12)	[[11.0, 11.0, '+'], [11.0, 12.0, '/'], [22.0, 0.9166666666666666, '/']]
(11, 11, 11, 13)	[[11.0, 11.0, '+'], [11.0, 13.0, '-'], [22.0, -2.0, '-']]
(11, 11, 12, 12)	[[11.0, 11.0, '-'], [12.0, 12.0, '+'], [0.0, 24.0, '+']]
(11, 11, 12, 13)	[[11.0, 11.0, '/'], [12.0, 13.0, '+'], [25.0, 1.0, '-']]
(11, 12, 12, 12)	[[11.0, 12.0, '+'], [12.0, 12.0, '/'], [23.0, 1.0, '+']]
(11, 12, 12, 13)	[[11.0, 12.0, '+'], [12.0, 13.0, '-'], [23.0, -1.0, '-']]
(11, 12, 13, 13)	[[11.0, 12.0, '+'], [13.0, 13.0, '/'], [23.0, 1.0, '+']]
(11, 13, 13, 13)	[[11.0, 13.0, '+'], [13.0, 13.0, '-'], [24.0, 0.0, '+']]
(12, 12, 12, 12)	[[12.0, 12.0, '+'], [12.0, 12.0, '-'], [24.0, 0.0, '+']]
(12, 12, 12, 13)	[[12.0, 12.0, '+'], [13.0, 12.0, '-'], [24.0, 1.0, '*']]
(12, 12, 13, 13)	[[12.0, 12.0, '+'], [13.0, 13.0, '-'], [24.0, 0.0, '+']]
(12, 13, 13, 13)	[[12.0, 13.0, '+'], [13.0, 13.0, '/'], [25.0, 1.0, '-']]

Process finished with exit code 0
